19:03:13
-686077494;1.790936736360976e-36
1012862977;1.3382588450523978e-18
-693813244;0.005832000000000001
-180552362;0.0
-237719546;1.9835929036800014e-07
-792555513;3.570467226624003e-08
-737386487;0.0
-382712489;0.0010497600000000003
675620649;0.0
1298706447;3.570467226624003e-08
-1984748200;0.0
31997972;2.1859115597387005e-13
-771417426;2.0822964865671191e-10
-1736920734;0.0
1318263471;0.0
568467484;0.0
794329117;0.0
446562335;6.746640616477469e-12
-157868000;0.0
738598947;0.0
-792962789;7.0823534535533906e-15
-1641185240;6.122200320000003e-06
-2126344151;3.748133675820815e-11
778190423;0.0
-1753329657;3.934640807529661e-14
-1406562259;0.0
-201490384;1.9835929036800014e-07
-961056719;1.151006565984087e-44
-835445926;0.005832000000000001
-1665064951;6.122200320000003e-06
2097254457;4.551715960790346e-23
-573394886;2.0822964865671191e-10
-1256755873;0.0
-623353796;0.005832000000000001
-1396015043;6.122200320000003e-06
1959940160;8.600776824598695e-27
829640769;4.7782093469992743e-26
1248491063;3.748133675820815e-11
764416070;1.1568313814261772e-09
-1561808824;0.0
1458135113;0.0
-496545716;6.122200320000003e-06
-1351851955;1.9835929036800014e-07
1624391758;0.0
-213696433;1.1568313814261772e-09
-1630244783;5.3973172514356466e-12
1026969682;0.0
-1778046643;1.2748236216396103e-15
-1950695337;0.0
976442894;1.2748236216396103e-15
-1793994660;3.384096747052138e-40
-738309446;2.0822964865671191e-10
-1707163554;0.0010497600000000003
1913541989;6.122200320000003e-06
191545441;0.0
-837234590;0.0
-327508634;0.0
-1453232026;0.0
-159842201;0.0
1847586921;0.0
245796199;2.52873108932797e-22
-1330139028;0.0
-2007879571;0.0
840061041;0.18000000000000002
1119887475;0.0
1718976628;5.527582519632641e-35
429777013;1.9835929036800014e-07
-324652938;0.0010497600000000003
-964374409;0.0
52582420;0.032400000000000005
-653778822;0.0
1128329340;2.4088659210943163e-19
-977074838;6.122200320000003e-06
774303870;6.746640616477469e-12
-1115623296;1.2143953109659446e-12
-1542270847;8.600776824598695e-27
-1674274034;3.729261273788443e-46
-779222909;1.9835929036800014e-07
-40656764;0.0010497600000000003
1897369734;4.551715960790346e-23
-124429631;0.0
-949660690;0.0
895645913;0.0
1303777419;0.0
1217619331;0.0
1239478413;6.122200320000003e-06
-145497968;1.1019960576000006e-06
312688786;0.0
1790324883;0.0
-1931013996;0.0
1167357294;9.478022153005213e-33
-6766442;0.0
-1496637289;1.2143953109659446e-12
620122577;0.0
-783695718;0.0
996699044;2.0822964865671191e-10
-684144614;0.0
2118762655;0.0
-1183367008;4.7782093469992743e-26
1940148385;2.9253154793225965e-31
-1880551262;0.0
1579835419;0.0
2100678375;3.934640807529661e-14
-884661107;6.060703183695355e-76
-1512177636;0.0
958091434;0.0
1616269485;0.0
1487970478;3.748133675820815e-11
-1802309452;0.0
-1379807051;0.0
1525256374;0.0
2100975596;1.1019960576000006e-06
-262102854;0.0
121659579;3.570467226624003e-08
1733497021;1.1019960576000006e-06
-1123907402;0.0
1064448192;0.0
-1623212000;0.0
-2132127549;1.4747559712960721e-24
-1424641848;0.0
494314539;0.0010497600000000003
989450442;1.1568313814261772e-09
-57380240;0.032400000000000005
-1948094260;1.5481398284277652e-27
1872990415;1.2748236216396103e-15
821182673;0.0
-2051964718;0.0
-884625789;1.7060439875409384e-33
1772593365;7.0823534535533906e-15
724156630;6.746640616477469e-12
-181534505;0.0
-1481469735;1.9835929036800014e-07
-1359271735;3.748133675820815e-11
-293657030;6.746640616477469e-12
-1165229859;0.18000000000000002
-1808290309;4.1304285341123386e-17
981725409;2.9253154793225965e-31
-1859383068;0.0
602263783;0.0
1392296168;0.0
-1282244374;0.0
-820465428;0.0
-1576791827;0.0
953352028;0.0
-1486946947;9.478022153005213e-33
-714409633;1.4048506051822056e-21
-1244028685;0.0
1822990581;0.0
1529123062;9.028751479390729e-30
-402616073;0.0
2128813193;0.005832000000000001
339558649;7.43477136140221e-18
301449466;0.0
-908087044;8.193088729422623e-24
-290351750;1.4048506051822056e-21
-599068416;6.426841007923206e-09
-220196606;0.0
1771233323;0.0
-1058787068;0.0
287817990;3.570467226624003e-08
706715911;7.804725584345586e-21
-1810611959;0.0
784145111;1.616992270791437e-65
-1184120564;1.9835929036800014e-07
-1775241751;7.765427647900494e-56
-211996402;1.2143953109659446e-12
-387321584;2.4088659210943163e-19
-439549677;0.0
1324605716;0.0
-305143527;0.032400000000000005
-142806757;0.0
1396867357;3.934640807529661e-14
47540683;0.0
1726574880;0.0
-1625870047;0.0
1813993536;5.239054957364257e-67
735995953;3.401222400000001e-05
368679217;0.0
1319051563;4.1304285341123386e-17
1274380588;6.426841007923206e-09
1356579118;0.0
-1836260643;0.0
-490667727;0.0
-547917518;9.028751479390729e-30
687253555;6.122200320000003e-06
1897029940;0.18000000000000002
1799243323;1.4747559712960721e-24
-2146229959;0.0
2073317690;0.0
-1055174341;0.0
-1814374720;1.790936736360976e-36
1452261693;0.032400000000000005
316539199;3.401222400000001e-05
-2005724448;0.00018895680000000005
-248692412;6.122200320000003e-06
1040943158;1.2143953109659446e-12
-1882996406;4.1304285341123386e-17
-1248845493;3.934640807529661e-14
-2138289438;0.0
-358944433;0.0
501809488;0.0
407376209;0.0
1200152915;0.0
2121617751;1.0155999601485189e-07
-165723816;0.0
466420057;0.18000000000000002
-351497894;6.426841007923206e-09
361166217;0.0
-1288437408;2.4088659210943163e-19
-674826907;0.0
744657250;6.122200320000003e-06
2097903675;0.0
1946599780;0.0
1254170983;0.0
-1944766404;0.0
887003879;1.1568313814261772e-09
-975199892;4.551715960790346e-23
-334443118;6.426841007923206e-09
-1435795090;0.0
-1607126514;0.0
-512671373;3.914829314772157e-49
-2128008560;4.3359586579697696e-20
-18009739;0.0
1824047481;0.032400000000000005
1644106107;0.0
937320829;6.091374144693849e-41
-630992513;7.804725584345586e-21
1405972544;1.4747559712960721e-24
542318978;0.0
-552860183;2.0822964865671191e-10
1501799830;3.570467226624003e-08
2015650184;0.0
-424586871;0.0
1684959626;0.0
2112307596;0.0
-80039539;0.0
2013231853;3.748133675820815e-11
-1957609070;7.804725584345586e-21
-366894699;0.0
-1222123113;2.65456074833293e-25
585650584;2.4088659210943163e-19
-1169321574;0.0
1375111919;0.0
-2026339940;0.0
97580008;0.18000000000000002
1713137354;0.0
1736179099;0.0
1330594213;4.551715960790346e-23
-905977433;0.0
1009418664;8.193088729422623e-24
1317540265;7.43477136140221e-18
-824032853;3.5524894011854534e-43
-73096462;0.005832000000000001
-938294864;4.7782093469992743e-26
749748659;0.0
-1228500556;6.746640616477469e-12
1711020722;0.0
-361029191;0.0
-1174580641;0.0
1847419326;9.028751479390729e-30
-1985621566;0.0
-2071367228;0.0
187415286;8.193088729422623e-24
-1510792762;5.148219446955042e-09
-686575161;2.52873108932797e-22
1522432861;0.032400000000000005
-1696947765;0.0
-450993716;0.0
1281843662;0.0
-1938063283;0.0
1253188049;0.0
1275191763;0.0010497600000000003
-1307146883;0.0
-1439693605;2.52873108932797e-22
-1627322689;0.0
-723480101;0.0
1949082255;1.2143953109659446e-12
1974862302;0.0
1491808737;0.0
-2009370141;2.294682518951299e-16
-1390001692;6.122200320000003e-06
82342378;6.426841007923206e-09
-353938965;0.0
-1989819730;5.01597304410596e-29
569045485;2.4088659210943163e-19
-527908369;2.0822964865671191e-10
-1281154576;6.426841007923206e-09
895721969;0.0
1482748402;0.0
-652578316;0.0
-566277260;0.0
-397561350;0.0
-2006789637;0.0
-653295108;3.401222400000001e-05
784896509;0.0
-51079083;4.1304285341123386e-17
1140081153;3.570467226624003e-08
-182779390;4.7782093469992743e-26
-1327872275;0.0
606056965;1.3382588450523978e-18
-742735354;0.0
-1344466425;0.0
-524897783;0.0
-548913065;2.1859115597387005e-13
345346574;4.551715960790346e-23
838636973;5.527582519632641e-35
-412806639;0.0
-76860910;0.0
-346537453;0.0
-832927655;0.0
51741209;0.0
1976104648;1.6251752662903314e-30
-340442597;7.0823534535533906e-15
-985644515;0.00018895680000000005
217186846;0.0
837648927;3.570467226624003e-08
264183735;7.43477136140221e-18
1820939014;0.00018895680000000005
-347020761;0.0
77320744;5.265567862780674e-32
-689499606;0.0
-1416326613;0.0
859181305;2.0822964865671191e-10
-787131859;0.0
-1364872658;4.3359586579697696e-20
-1085103568;0.032400000000000005
411673137;3.748133675820815e-11
-967671246;1.9835929036800014e-07
-1592730189;7.0823534535533906e-15
-4726220;4.1304285341123386e-17
1595232821;0.0
269132342;0.0
666165815;0.0
573026872;0.0
309186046;2.4088659210943163e-19
1682182714;0.032400000000000005
1721012799;0.0
-1139727808;1.8800537483622986e-39
1448183859;4.7782093469992743e-26
-3251003;0.0010497600000000003
1796276804;7.804725584345586e-21
-713936315;1.6251752662903314e-30
-1037579468;0.0
-519802783;0.0
1800114760;0.00018895680000000005
-1315876279;0.0
2026059874;3.401222400000001e-05
-829447411;0.0
953785784;0.0
-2063015340;2.0822964865671191e-10
1947312725;3.748133675820815e-11
-670047658;0.0
281674329;0.0
-806325489;0.0
539382367;0.0
-266960287;0.0
197481059;0.0
2046317157;0.00018895680000000005
-41581978;0.0
-2090298777;0.0
-192609688;0.0
-2140052036;3.748133675820815e-11
-558423445;1.4048506051822056e-21
453501548;0.0
-1423326611;0.0
1168056942;5.527582519632641e-35
-1950293393;0.0
1008390768;0.032400000000000005
-212766095;0.0
873833074;2.65456074833293e-25
1514381944;0.0
-1918102918;7.0823534535533906e-15
-234327429;1.397776976622089e-56
-1095933316;0.0
1511969405;1.2748236216396103e-15
-374132098;0.0
525755157;0.032400000000000005
119911040;0.0
-1865801086;0.0
1587430019;0.0
1063837132;3.384096747052138e-40
746116715;0.0
1440404102;2.294682518951299e-16
-1902741651;1.1019960576000006e-06
-310852984;0.0
-1293563796;1.3382588450523978e-18
-1447808374;1.1568313814261772e-09
1429951115;3.401222400000001e-05
524657293;0.0
959533710;0.032400000000000005
7254125;0.0
1701872272;0.0
-1635137363;0.0
317280914;0.0
-715421617;9.949648535338754e-36
-339346663;1.1019960576000006e-06
1689570756;0.0
2092808506;0.0
253543069;0.0
1912656542;0.0
-1132381587;6.426841007923206e-09
-261004640;0.0
-1271369055;0.0
-1660751198;2.7866516911699777e-28
31290019;0.0
-1819000155;0.0
-958569818;0.0
-1169149124;0.00018895680000000005
-405613912;1.9835929036800014e-07
-396107095;1.9835929036800014e-07
-1551105365;4.551715960790346e-23
779326126;0.0
-1943285069;0.00018895680000000005
41255604;6.122200320000003e-06
417043125;0.0
-521301322;0.0
-394977847;1.9835929036800014e-07
601096893;0.0010497600000000003
198062782;0.0
259473525;7.0823534535533906e-15
2018575040;0.0
-1821875519;3.570467226624003e-08
430494402;0.0
129213123;0.0010497600000000003
-1858592650;0.0
878232262;1.1568313814261772e-09
-1095953720;0.0
202522060;3.934640807529661e-14
1433813111;3.401222400000001e-05
-2049666354;0.0
59712208;0.0
488903377;0.0
-2117143854;0.0
-1794957092;0.0
1401942137;0.0
898495193;1.2143953109659446e-12
2059399060;2.6324340768453455e-09
1130657231;0.0
11928285;2.9253154793225965e-31
211817182;2.65456074833293e-25
-606307547;2.2831284563751223e-51
-191597856;0.0
-1429503263;2.1859115597387005e-13
195557499;0.0
1024463588;1.1019960576000006e-06
-1861664025;0.0
1523806952;6.746640616477469e-12
-1757953301;3.748133675820815e-11
2108367596;1.4048506051822056e-21
-2067853187;7.0823534535533906e-15
-1453203222;0.00018895680000000005
2115126005;0.0
-1859620106;0.0
-2044972297;1.7819191075818363e-71
-710352135;0.0
581825275;0.0
374235902;0.00018895680000000005
874398250;1.1019960576000006e-06
-631545083;6.746640616477469e-12
-88612090;4.3359586579697696e-20
938127489;3.401222400000001e-05
-1878879444;0.0
101827339;2.0822964865671191e-10
-66415860;5.01597304410596e-29
1742922509;1.1568313814261772e-09
-477013809;0.0
1971383085;7.0823534535533906e-15
-1248898286;0.00018895680000000005
58690876;0.0
1449853716;0.005832000000000001
-1005505771;7.43477136140221e-18
133088729;9.478022153005213e-33
-1229311208;0.0
-1769700580;0.032400000000000005
1286759199;1.1568313814261772e-09
667697952;0.0
-382377183;0.0
739312418;0.0
-1806461477;2.071811818771357e-45
-1269030778;0.005832000000000001
-18423673;1.3382588450523978e-18
1584677676;1.1568313814261772e-09
-929414749;0.0
-296881362;5.01597304410596e-29
-1489579217;6.122200320000003e-06
-2080660687;4.551715960790346e-23
1742275379;0.0
-1052319965;4.3359586579697696e-20
714343222;1.1568313814261772e-09
1277350505;6.122200320000003e-06
-1198802124;0.0
1407152954;0.0
-366628036;1.1019960576000006e-06
2135143229;1.3382588450523978e-18
-451885491;6.122200320000003e-06
2007622463;0.0
-1914059968;0.0
-1797020863;0.0
-840019829;1.6251752662903314e-30
-1010396345;6.426841007923206e-09
-827948216;0.0
-449268489;0.0
-1273304440;3.570467226624003e-08
-594177205;4.1304285341123386e-17
2131780428;7.0823534535533906e-15
-1543367859;0.005832000000000001
-313139018;6.122200320000003e-06
-322567342;0.0
485344084;1.1568313814261772e-09
-2009155332;0.0
473084521;0.0
-2089503913;0.0
-1980476583;0.032400000000000005
-64023718;9.478022153005213e-33
-1206188483;4.52879740425557e-58
1315599198;1.9736052228808072e-42
140965429;2.1859115597387005e-13
-354630816;1.9835929036800014e-07
-1986613104;6.426841007923206e-09
-226741406;0.0
-1558660293;4.3359586579697696e-20
-1794186396;2.0822964865671191e-10
1327835086;7.397336198655398e-53
237347689;3.748133675820815e-11
-1963986066;3.2236861254497573e-37
1131559098;0.18000000000000002
53698274;8.193088729422623e-24
-927632524;0.0
293800766;0.0
-826719370;0.0
-843512969;2.294682518951299e-16
596505428;8.600776824598695e-27
379237243;0.0
-538180740;0.0
-2106297475;0.0
-541898537;3.401222400000001e-05
-1491967851;0.0
-1120033920;0.0
-1639689408;1.151006565984087e-44
-559377534;2.6434742618318965e-17
1240032131;2.0822964865671191e-10
-599125116;2.0822968170014018e-10
153424773;0.0
127206278;0.0
-1894923455;2.1859115597387005e-13
-1933806100;5.01597304410596e-29
1260364682;7.0823534535533906e-15
111797131;0.18000000000000002
-1494482036;0.0
-694701171;0.0
-1870650482;1.4747559712960721e-24
-1369250929;0.0
-1149066352;0.005832000000000001
1653928849;1.3382588450523978e-18
1038290629;1.1019960576000006e-06
-472538301;1.2748236216396103e-15
415509999;1.3382588450523978e-18
-1431256164;0.0
-1765617510;0.0
-1694835197;1.1019960576000006e-06
528561056;9.028751479390729e-30
1448215457;6.122200320000003e-06
-757853278;1.2748236216396103e-15
148870051;6.746640616477469e-12
1709548452;3.401222400000001e-05
904610725;2.1859115597387005e-13
433033004;0.0
474751506;0.005832000000000001
-1841421399;0.0
2102987591;7.804725584345586e-21
1467982764;0.0
1172375026;3.401222400000001e-05
1143645102;0.0
851862566;2.0822964865671191e-10
1358123956;0.0
859718583;0.0
-814054472;0.0
-415074828;3.748133675820815e-11
-877263941;4.3359586579697696e-20
-103351735;0.0
1241665410;9.949648535338754e-36
-41479233;0.0
1948687914;3.2236861254497573e-37
-1472822332;2.52873108932797e-22
-14920763;0.0
-1030532154;0.0
1870869449;2.8563737812992022e-08
-2079284278;0.0
-40586292;0.0
-865412944;1.9835929036800014e-07
929256399;0.0
-317586480;0.0010497600000000003
-120658990;0.0
1679712633;3.401222400000001e-05
-402083718;7.0823534535533906e-15
-1879383082;0.032400000000000005
-1621650473;0.0
7533529;0.0
865579994;0.0
-1047415845;9.949648535338754e-36
675300317;0.0
-1129475105;0.0
-1283480605;0.0
-1108261916;1.2748236216396103e-15
705135592;0.0
-33111061;5.265567862780674e-32
-926682132;5.527582519632641e-35
-998751250;0.0
1904677872;1.2143953109659446e-12
1146491890;0.00018895680000000005
1250259955;0.0
-1225415691;0.0
-1728243543;0.0
105497823;3.934640807529661e-14
-153281237;0.0
1687102458;0.0
-1568453121;6.426841007923206e-09
776520701;0.0
1553572862;0.0
217633793;6.122200320000003e-06
-640224254;0.0
-8199165;1.9835929036800014e-07
505542283;6.746640616477469e-12
504943446;6.426841007923206e-09
-816811002;0.0
18895880;0.18000000000000002
-1594551285;0.0
2105504783;0.0010497600000000003
-952237040;0.0
-2008710125;0.0
470291477;2.294682518951299e-16
-1637399529;0.0
845837341;1.1568313814261772e-09
727581726;0.0
-1005849569;0.0
1510530388;0.0
314951856;0.0
1877165093;1.5481398284277652e-27
368383255;0.0
1425269799;0.0
71930921;0.0
-602311638;1.0444743046457214e-38
1692521515;2.52873108932797e-22
-1685306323;0.0
-355617955;2.0822964865671191e-10
-609303498;0.0
-640641527;1.9835929036800014e-07
1219449912;0.0
-260211982;2.1859115597387005e-13
-601009094;0.0
-974375877;0.0
386355381;0.0
1956672576;3.401222400000001e-05
990319456;0.0
-1880322549;0.0
-218471356;1.0964473460448928e-41
-733851466;4.1304285341123386e-17
1358480454;0.0
-1232661663;0.00014631724862335848
1373000776;0.0
-1948785589;0.0
-421997491;0.0
61219918;3.401222400000001e-05
-431849056;6.712670292819198e-47
1376588885;0.0
887645270;3.4542799956364636e-12
819450967;7.43477136140221e-18
1260446810;0.0
-723401637;3.748133675820815e-11
1003992157;0.0
500319326;3.748133675820815e-11
62698591;0.0
2117324987;0.0
-2041826204;6.426841007923206e-09
-1360530330;2.1859115597387005e-13
-958028697;0.0
-1495002005;8.193088729422623e-24
-258030484;0.0
1531257967;0.0010497600000000003
540927089;0.0
2040009842;1.3382588450523978e-18
1175180819;0.0
-229501835;0.0
-1964428170;2.52873108932797e-22
5903209;1.3382588450523978e-18
351879939;6.426841007923206e-09
1758660712;0.005832000000000001
-132709254;2.0822964865671191e-10
1930700009;6.394480922133816e-44
-1570216744;2.1859115597387005e-13
205720426;2.9253154793225965e-31
-275577730;1.2143953109659446e-12
-1177222583;1.4048506051822056e-21
-546446208;0.0
-803921728;6.426841007923206e-09
-1023142782;0.0
684778631;1.1568313814261772e-09
16733320;0.0
472091500;0.0
-1061116790;0.0
1944994956;0.0
-2058492787;6.746640616477469e-12
48139117;0.0
2034944195;0.0010497600000000003
890999957;0.0
-199281513;4.1304285341123386e-17
1019118745;1.5868765088555608e-07
1163695258;0.0
1610775321;2.1859115597387005e-13
-2109520740;3.570467226624003e-08
2135905706;4.551715960790346e-23
714015906;0.0
-850037512;0.0
1132058822;0.0
2048079014;1.3382588450523978e-18
-1281538905;3.570467226624003e-08
2128297500;0.0
598361258;0.0
-2105903957;1.2143953109659446e-12
-788441939;0.0008400063592903682
-1362496338;3.401222400000001e-05
-1178106704;2.52873108932797e-22
398224736;0.0
1985610931;0.0
-1924963148;0.0
172631221;2.0822964865671191e-10
-617220938;4.3359586579697696e-20
1810072759;0.0
-1581652808;1.1568313814261772e-09
-1712338060;3.401222400000001e-05
-1546873670;0.0
514434235;0.0
-2113920822;1.8800537483622986e-39
-857865024;3.748133675820815e-11
186627265;2.0822964865671191e-10
773027011;0.0
115573957;1.7060439875409384e-33
-1663249208;6.122200320000003e-06
1424939212;1.4747559712960721e-24
1737966794;3.570467226624003e-08
402379639;0.0
-845365122;7.046692766589884e-50
1623798065;5.802635025809563e-38
-1594034942;1.1568313814261772e-09
1162478700;3.401222400000001e-05
172434643;0.0
69629140;0.0
-893094699;0.00018895680000000005
1675400406;0.0
-1645435688;0.0
2033008164;0.0
332751993;0.0
1081333967;6.426841007923206e-09
744166620;6.746640616477469e-12
-7797538;0.0
-1409415643;0.0
157181154;0.0
-1216446938;0.0
148997351;3.401222400000001e-05
-2138958616;0.0
-28384023;0.0
523699434;0.18000000000000002
-585631534;1.1568313814261772e-09
-95038226;0.0
-1307464835;0.0
540740673;0.032400000000000005
-327613193;0.0
2095629560;0.0
124474617;0.18000000000000002
-866345430;0.032400000000000005
-1186945792;0.0
813788032;1.7060439875409384e-33
290047234;0.0010497600000000003
1570825475;1.5481398284277652e-27
1349244166;1.1019960576000006e-06
476316938;6.122200320000003e-06
604304651;0.0
-598504924;0.005832000000000001
1729556459;2.52873108932797e-22
1385866512;0.0
-835623663;0.0
1163416850;6.122200320000003e-06
-545209469;0.0
-1981510003;2.1749051748734205e-48
1995527447;9.028751479390729e-30
-1965746920;2.1859115597387005e-13
-1535744397;0.0
478008604;0.032400000000000005
1522525469;3.934640807529661e-14
-2129783521;3.748133675820815e-11
2032112929;3.748133675820815e-11
-1336191710;0.0
-1692891869;3.570467226624003e-08
-2079087324;0.0
1096819590;1.1019960576000006e-06
-1761256156;3.401222400000001e-05
-1208117975;0.0
1037116714;1.0964473460448928e-41
2017454983;0.0
-524831444;1.2143953109659446e-12
-1822051027;7.804725584345586e-21
45757743;0.0
1426210843;3.729261273788443e-46
-1401637960;4.990716885158755e-64
202528052;0.005832000000000001
966395190;6.122200320000003e-06
319739192;0.0
-1898580678;6.122200320000003e-06
1920922940;4.1304285341123386e-17
1893837706;0.0
-746752706;1.1019960576000006e-06
2017031487;2.9253154793225965e-31
-269265600;0.0
515564866;0.032400000000000005
1200083851;1.1019960576000006e-06
748161757;1.3382588450523978e-18
-1131134751;7.43477136140221e-18
-2041267316;7.804725584345586e-21
-1075587766;2.294682518951299e-16
-30835145;2.4088659210943163e-19
25056589;0.0
1291625806;1.4747559712960721e-24
-1522350769;1.1019960576000006e-06
1523402065;3.934640807529661e-14
2024838482;3.570467226624003e-08
733023274;4.1304285341123386e-17
-1523067564;0.0
2032129365;3.748133675820815e-11
-115997127;0.0
-1067604648;0.0
12821849;0.032400000000000005
955835279;5.265567862780674e-32
597128343;0.0
550397277;2.294682518951299e-16
-237292194;5.265567862780674e-32
-1720457886;4.1304285341123386e-17
1507075427;0.0
1243579749;0.032400000000000005
818025832;6.122200320000003e-06
958989674;0.0
2031838572;8.557470653564394e-62
293821598;0.0
-1558854289;0.0
-1122785936;0.0
115881329;1.1568313814261772e-09
-177429133;0.00018895680000000005
-375888524;0.0
1830839669;8.193088729422623e-24
-1807272586;3.934640807529661e-14
1309468695;0.0
-1426654706;7.43477136140221e-18
1928357439;7.43477136140221e-18
1042830717;0.0
-204606081;1.9835929036800014e-07
1891652995;0.0
506983812;0.0
-1424857721;0.0
1617794441;0.0
-1875225206;0.18000000000000002
-1380771327;3.934640807529661e-14
-191949426;0.0
2127549840;0.0
123381139;0.0
-409116434;0.0
-539478634;0.0
-1637087848;0.0
-1428978278;6.746640616477469e-12
-2124770364;1.9835929036800014e-07
-81205859;0.18000000000000002
307484064;0.0
2075494128;0.0
-1896761950;6.746640616477469e-12
-1844265402;3.401222400000001e-05
1733092774;3.5524894011854534e-43
37639592;0.0
-338197079;0.032400000000000005
1452152234;3.748133675820815e-11
-1963285077;1.9835929036800014e-07
1638831532;1.2748236216396103e-15
-856148563;1.1568313814261772e-09
2014119345;0.00018895680000000005
290121139;6.122200320000003e-06
-531605943;0.0
836482488;0.18000000000000002
-406555206;0.0
-469051810;0.0
690427326;0.0
690673087;1.3382588450523978e-18
776234432;0.0
1083766209;0.0010497600000000003
2088883650;0.0
1474844099;0.0
-589650492;1.1019960576000006e-06
388818373;2.1859115597387005e-13
-362408505;4.3359586579697696e-20
-1477532215;6.122200320000003e-06
-485469961;0.0
-1764125233;1.1568313814261772e-09
-1226029616;0.0
-1921333682;0.0
1680278999;0.00018895680000000005
1089586084;1.2143953109659446e-12
952246586;3.570467226624003e-08
-1269008932;0.0
-1234131488;5.802635025809563e-38
1845831137;0.0
6718946;1.2748236216396103e-15
-596396572;0.0
1890924005;7.0823534535533906e-15
1061275112;0.0
1460581865;0.0
1923360262;0.0
-54934037;2.65456074833293e-25
-743082516;0.0
1220253490;1.9736052228808072e-42
1831867889;0.0
-537991694;2.65456074833293e-25
-14590381;1.9835929036800014e-07
-1283738124;2.4088659210943163e-19
1601724731;2.52873108932797e-22
1019553273;0.0
-127531526;3.934640807529661e-14
-75548417;3.401222400000001e-05
-1323227651;9.478022153005213e-33
616519936;0.0
1255749122;0.0
-578258005;1.268404697986179e-50
27895300;1.5481398284277652e-27
1108522502;6.122200320000003e-06
-1045604983;2.1859115597387005e-13
1843368876;0.0
-479865334;0.0
-1404853665;3.570467226624003e-08
-502158876;0.0
-1395022322;0.0
488007186;0.0
-739821309;1.1019960576000006e-06
-1236847851;2.9253154793225965e-31
-795494890;0.0
-1574102780;1.2748236216396103e-15
227132954;1.0444743046457214e-38
-165276133;0.0
-1014266340;1.4048506051822056e-21
754345504;7.0823534535533906e-15
1315374628;0.0
-801348059;0.0
-1936341466;6.122200320000003e-06
1714783851;0.0
-1579467194;8.193088729422623e-24
1819719213;0.0
1761738941;1.4747559712960721e-24
-1711933900;0.0
520777310;0.0
-462895562;3.570467226624003e-08
814069303;7.0823534535533906e-15
1210570296;3.401222400000001e-05
-1335819340;0.0
-858491334;0.0
1909818939;6.122200320000003e-06
-1453914563;0.0
-611105218;0.032400000000000005
-880056769;0.0
1375389249;0.0
2106279490;0.00018895680000000005
-1832208318;3.934640807529661e-14
1370539591;1.2748236216396103e-15
-1207290295;1.4747559712960721e-24
-1858148789;9.028751479390729e-30
-25098676;0.0
1461847979;2.0822964865671191e-10
-856570290;2.52873108932797e-22
-168954803;7.43477136140221e-18
1923061329;5.527582519632641e-35
-1479895468;0.0
-1269287338;6.091374144693849e-41
2138367575;2.0822964865671191e-10
-1542785436;0.0
-1016863142;0.0
-1890445732;3.401222400000001e-05
-1590393250;0.00018895680000000005
1918615141;0.0
-351357344;0.0010497600000000003
-1726630303;2.1859115597387005e-13
5310052;4.7782093469992743e-26
-465559807;2.4088659210943163e-19
-1173014937;2.4088659210943163e-19
1174080444;0.00018895680000000005
-1290227568;1.1019960576000006e-06
-1140566421;3.8225674775994193e-26
261525793;9.028751479390729e-30
1812104814;0.0
990701168;2.1859115597387005e-13
-495536527;0.0010497600000000003
185860371;3.748133675820815e-11
1258747308;1.2748236216396103e-15
-363383179;8.600776824598695e-27
469247608;0.0
-1026055916;0.005832000000000001
-874613125;0.0
-1656928644;0.0
955008618;0.0
-1870563714;0.0
1334847103;0.0
1367475841;0.0
-2128800126;0.18000000000000002
1632351851;2.65456074833293e-25
1948751494;0.0
1608865417;0.0
-2108184949;0.0
160646797;0.0
270119671;1.9835929036800014e-07
-1623832944;0.0
1316009619;0.00018895680000000005
987932310;5.01597304410596e-29
-1610974951;4.1304285341123386e-17
1633834649;1.2143953109659446e-12
-385911142;0.0
1444644507;0.0
592852026;4.3359586579697696e-20
1200977549;1.2143953109659446e-12
-491726942;0.005832000000000001
685291120;0.0
1214622185;0.0
-596197221;2.7866516911699777e-28
279221925;2.7866516911699777e-28
1036887718;0.18000000000000002
-1823070607;1.8800537483622986e-39
1991456424;0.0
349374122;0.0
-498825557;2.0822964865671191e-10
-683841876;0.00018895680000000005
-1344710994;0.0
1281544477;1.2143953109659446e-12
-1346722128;5.01597304410596e-29
1951176369;0.0
1715984051;0.005832000000000001
-1489549026;4.551715960790346e-23
-1002846538;1.4673303589788051e-59
-803854665;2.0822964865671191e-10
-124854668;0.0
-2091448646;1.5481398284277652e-27
-1663639010;1.1019960576000006e-06
1206084554;7.0823534535533906e-15
-66369858;0.0
-70822209;3.401222400000001e-05
1212446400;3.748133675820815e-11
1624209090;0.18000000000000002
-43444540;0.0
1739781831;0.0
-966482232;1.5481398284277652e-27
1165121226;1.1019960576000006e-06
-1383405876;0.0
1124751054;4.7782093469992743e-26
1446074066;2.1859115597387005e-13
-1920911660;1.4747559712960721e-24
1017678082;0.0
-25536809;1.2748236216396103e-15
1718947084;0.18000000000000002
-435288358;0.0
626235099;0.0
-1329932579;0.0
473212638;2.4088659210943163e-19
-2108417996;0.0
2004842208;0.0
745539298;0.0
-11868549;0.0010497600000000003
-143995268;4.3359586579697696e-20
-543725846;0.0
918133460;3.934640807529661e-14
2066562500;0.00018895680000000005
-955246867;3.748133675820815e-11
-1915341074;1.1019960576000006e-06
-1840773507;8.193088729422623e-24
1186300679;3.748133675820815e-11
421742321;0.18000000000000002
-94398733;0.0
1862067956;1.963667831517295e-77
-916007178;0.0
-525031689;0.0
-4217093;0.0
1144325886;0.0
1249916671;0.0
1760741121;0.0
1016792837;0.0
1140602630;0.0
1282383489;1.9736052228808072e-42
766105355;2.1859115597387005e-13
1166804610;0.0
-971077873;0.0
-1430247664;0.0
162791932;0.0
778639123;0.0
-1091619052;3.384096747052138e-40
1884130682;1.3382588450523978e-18
1137604380;0.0
1298609949;0.0
-1424668897;0.0
-854259934;0.0
-1882351837;1.1568313814261772e-09
1346856740;0.0
-1010415835;1.4747559712960721e-24
364062502;7.0823534535533906e-15
-1414110927;0.0
-253827288;1.2143953109659446e-12
-1332881623;0.0
1727901319;0.0
-498894478;0.0
758867758;0.005832000000000001
-285244451;0.0
-1130368503;6.746640616477469e-12
166773740;3.401222400000001e-05
533964595;0.0
-528476364;0.005832000000000001
-1743553235;4.1304285341123386e-17
-263429836;0.0
-19450054;0.0
81520443;7.0823534535533906e-15
927891347;2.0822964865671191e-10
1121359677;6.746640616477469e-12
-2008246462;9.478022153005213e-33
-842682741;0.0010497600000000003
1796634934;0.0
1684440904;0.0
-909355191;2.0822964865671191e-10
1443354833;1.1019960576000006e-06
-1465454878;1.5481398284277652e-27
-1764563124;1.1019960576000006e-06
9795405;6.746640616477469e-12
1399031630;0.18000000000000002
-1469659507;0.0
841516003;6.712670292819198e-47
-1576298667;0.0
-141344455;3.934640807529661e-14
-1086146516;3.5524894011854534e-43
1442619023;0.0
1052587869;2.52873108932797e-22
783823307;1.2143953109659446e-12
-1126113486;0.0
722466656;0.0
1858242402;0.0
-445320901;0.0
1055270756;0.0
922541030;0.0
-1427347608;1.4048506051822056e-21
-1649838227;0.0
-1125558418;0.0
-1759713423;0.00018895680000000005
-2022676622;0.18000000000000002
-324266122;0.0
1942169463;2.1859115597387005e-13
-1855023240;3.934640807529661e-14
1815021152;0.0
-1241102470;2.7866516911699777e-28
-1081343681;0.0
1882724220;2.65456074833293e-25
-1785657475;3.570467226624003e-08
496273279;2.294682518951299e-16
948205442;0.0
408639363;0.0
-45578362;2.65456074833293e-25
1386628999;0.0010497600000000003
-1343953016;1.2748236216396103e-15
-1302726775;0.0
-1223579765;0.0
-377247331;0.0
-228923505;2.9253154793225965e-31
-961783918;0.0
-1845925997;0.0
1366292373;4.1304285341123386e-17
188835734;6.426841007923206e-09
918011545;0.0
1640425796;0.0
-1734826086;1.1019960576000006e-06
-1801998694;3.570467226624003e-08
-636737633;3.401222400000001e-05
-386955359;2.294682518951299e-16
1829988258;1.2748236216396103e-15
1971877798;1.2143953109659446e-12
-1938585503;8.600776824598695e-27
669722536;0.00018895680000000005
-616151127;3.748133675820815e-11
2059399783;1.2143953109659446e-12
763176877;1.4747559712960721e-24
23283630;7.0823534535533906e-15
865945521;0.0
-804902990;0.0
1968235507;0.0
-1240791116;0.0
-1324845131;4.7782093469992743e-26
1737770935;0.00018895680000000005
1788364730;0.0
-1010493508;0.18000000000000002
-1824753731;7.0823534535533906e-15
-431515714;0.0
-1811979275;0.0
1243088834;0.0
1441187779;0.0
775411652;0.0
-1370568763;0.0
2110574241;0.0
1297615180;0.0
-1930041396;0.0
-1693120563;0.0
929558735;0.0
1521952719;0.0
74732536;1.8705874023751094e-74
78981074;0.0
469555534;0.0
-1991174183;0.0
2090985434;0.0
-418973733;0.0
398604253;1.2143953109659446e-12
-1334245410;4.7782093469992743e-26
-113186848;0.0
1404440912;0.0
-1344673822;2.9253154793225965e-31
1735612388;0.0
-610621103;0.0
-1021159448;1.1019960576000006e-06
1332713449;0.0
-1208281109;2.4088659210943163e-19
1292244972;3.934640807529661e-14
-662067219;7.43477136140221e-18
1259878383;0.0
1077680112;0.0
707160049;2.65456074833293e-25
813691361;1.0909265730651639e-76
1840101364;0.0
-913893387;4.551715960790346e-23
1754814454;0.0
1993578489;0.0
1602443259;0.0
582711294;6.426841007923206e-09
76274005;0.0
-1195853824;1.6251752662903314e-30
-560322559;9.899550597676868e-71
1626661418;3.934640807529661e-14
1579479999;7.0823534535533906e-15
-18802558;0.0
1762913281;0.0
177429275;4.7782093469992743e-26
-898663831;5.802635025809563e-38
966768656;0.0
-812975784;0.0
1770256402;0.005832000000000001
-980687869;1.2748236216396103e-15
-301332460;0.0
-1461282794;0.0
-1939810281;0.0
1942870042;0.0
-1649264294;0.032400000000000005
-195549154;8.193088729422623e-24
-1194728472;0.0
-439699421;2.294682518951299e-16
1358920331;2.294682518951299e-16
-1986746703;1.2143953109659446e-12
1546016808;0.0
1951135788;0.0
-209681851;0.0
1837971503;3.934640807529661e-14
-1017112528;1.1568313814261772e-09
-1801988047;6.426841007923206e-09
1124402;0.0
2130184243;6.426841007923206e-09
-6944716;0.0
-807110602;0.0
-1882301431;0.0
403908664;0.0
1668589625;3.570467226624003e-08
1286879291;0.0
898074684;2.0822964865671191e-10
953399358;2.1749051748734205e-48
2104965789;4.3359586579697696e-20
1697974338;3.570467226624003e-08
1033422918;0.18000000000000002
1196374087;2.52873108932797e-22
1001715784;0.0
-201574326;1.6974538061860197e-68
-1970333621;1.9835929036800014e-07
136128866;6.746640616477469e-12
1609775182;0.0
2008746063;1.1568313814261772e-09
-334309293;0.0
1711616399;0.0
-774223787;0.0
2143463510;0.0010497600000000003
-1239267240;0.0
1716938841;0.0
-992791537;7.0823534535533906e-15
-315500451;0.0
-1889925026;0.0
-867267568;0.0
1756780642;0.0
-357631901;0.0
1737988197;0.0
1725609567;3.055416851134836e-69
1118152808;2.2200108330430394e-20
-1671340356;0.0
-1133688725;3.401222400000001e-05
-1434638228;2.1859115597387005e-13
1689983085;1.2143953109659446e-12
1461872750;0.0
-246126481;0.0
1778628720;1.1019960576000006e-06
-2058561423;2.294682518951299e-16
1643431409;0.0
389892213;3.570467226624003e-08
100280438;0.0
-390400676;0.0
272084949;0.0
-450221957;0.0
-1881298819;0.0
1052525589;2.52873108932797e-22
1914972358;9.478022153005213e-33
981039233;0.0
-761980798;8.600776824598695e-27
-849537299;1.2143953109659446e-12
2067383589;0.0
-37709690;6.746640616477469e-12
2104739976;0.0
-1990700692;0.0
218323082;0.0
-1657198871;2.0822964865671191e-10
672934028;1.5481398284277652e-27
1199213929;0.0
-250218354;0.0
-27592561;2.7866516911699777e-28
504539280;6.426841007923206e-09
1977133202;0.0
2082322579;0.18000000000000002
47728788;6.746640616477469e-12
-728512828;0.005832000000000001
-891791206;1.4048506051822056e-21
-1637300068;0.032400000000000005
-966567779;0.0
-1225380216;2.65456074833293e-25
-1626912609;0.0
337435049;6.122200320000003e-06
1361590434;1.1568313814261772e-09
233756836;0.0
1076340901;0.0
-1357395801;0.005832000000000001
839805980;0.0010497600000000003
184884563;6.394480922133816e-44
915589291;0.032400000000000005
-268863315;1.2143953109659446e-12
-1995904850;0.0
-507156305;0.0
-374261584;0.0
-94257464;0.0
1037998261;0.0
950261942;0.0
1192822968;8.600776824598695e-27
-1749677895;0.00018895680000000005
-1269405510;0.0
1659222204;1.3382588450523978e-18
-1266030403;7.804725584345586e-21
-530253634;0.0010497600000000003
1366073717;0.0
1598851264;1.6251752662903314e-30
291531808;0.0010497600000000003
1504180419;0.0
-1106357957;3.570467226624003e-08
594300647;2.5159985579197607e-57
1232115910;2.294682518951299e-16
391690439;0.0
-4290359;6.746640616477469e-12
-1727203126;7.804725584345586e-21
151406795;3.748133675820815e-11
-929285940;0.0
-1576265522;0.0
731465935;0.18000000000000002
-1234798383;2.52873108932797e-22
-53135150;0.0
688617684;0.0
1904400078;4.3359586579697696e-20
208546006;1.4048506051822056e-21
-595937065;7.0823534535533906e-15
2007636395;3.401222400000001e-05
-286680028;0.0
-1212938022;0.0
-1573795619;0.0
789379294;0.0
1198471391;2.1859115597387005e-13
19503328;0.005832000000000001
-735205149;0.0
-791922460;3.934640807529661e-14
-552154074;1.1019960576000006e-06
-994420505;0.0
78654324;6.426841007923206e-09
-1033246486;0.0010497600000000003
550332653;7.0823534535533906e-15
323502461;1.1568313814261772e-09
-1943824553;0.0
337008885;0.0
-1998375895;3.401222400000001e-05
-687683335;2.294682518951299e-16
2097539323;0.0
1582643452;0.0
1107516458;0.0
13608007;7.0823534535533906e-15
-1451501313;0.0
-894236393;0.0
322341121;0.0
-1866736622;0.0
-1267472125;1.1019960576000006e-06
-215488252;0.0
-1640124318;0.0
-277128954;1.3382588450523978e-18
-131724419;3.0708791775736895e-34
223734025;0.0
1125279447;0.0
143595789;0.0
1343415341;3.748133675820815e-11
-1445390062;0.0
-1048352492;0.0
1857672211;0.0
-1872307945;0.0
-1154143975;1.1019960576000006e-06
-775163004;0.0
858585371;0.0
146635038;0.0
79538467;0.0
-1203734236;0.00018895680000000005
2143873040;3.729261273788443e-46
-2023294681;0.0
-1643275992;0.0
-830793430;4.1304285341123386e-17
170637703;1.9835929036800014e-07
1035585836;3.570467226624003e-08
966820544;0.18000000000000002
783993135;0.00018895680000000005
-1366066896;0.0
-540010191;1.1019960576000006e-06
1041029959;1.1568313814261772e-09
-667653834;1.4747559712960721e-24
391537033;0.0
-2031569003;0.0
1682352442;2.65456074833293e-25
274884923;0.0
1077520778;0.0
-1838257858;9.028751479390729e-30
-1484068578;2.4088659210943163e-19
-1886557888;3.748133675820815e-11
1587468609;0.0
-1807054525;0.0
-1258313404;0.18000000000000002
-1746127466;0.0
146373004;1.1019960576000006e-06
-1695499958;0.0
426486092;0.0
786333410;0.0
340572494;0.0
-1401534129;0.00018895680000000005
1176115537;0.0
280463698;0.18000000000000002
1589696851;1.1568313814261772e-09
-352454316;1.1019960576000006e-06
1747339662;6.746640616477469e-12
427854168;6.426841007923206e-09
-603342502;0.0
398387547;0.0
-353183395;0.0
2118355294;1.2748236216396103e-15
-2129905313;0.0
2120881431;0.0
1213950305;0.0
-1801533086;2.294682518951299e-16
592357732;2.0822964865671191e-10
1035770213;0.0
1641643280;4.7782093469992743e-26
884074858;1.1019960576000006e-06
-1856745753;0.0
1471662482;0.0
-1724823186;0.0
-562697873;0.0
-1857902223;0.0
-1311127182;3.570467226624003e-08
668219764;0.0
-1997686411;0.0
703175030;2.294682518951299e-16
28313975;0.0
-1255951191;7.804725584345586e-21
-1796847237;1.2748236216396103e-15
-1182160516;0.0
-1190881558;1.1019960576000006e-06
-1584617088;0.0
-320169599;0.032400000000000005
-366913150;0.0
2128399023;8.98329039328576e-65
75098502;2.0822964865671191e-10
2144151943;0.0
-329815671;0.0
1105447306;1.2748236216396103e-15
1970506124;0.005832000000000001
-1829410418;3.401222400000001e-05
-2102109809;0.0
-630175343;0.0
-1802180206;0.032400000000000005
-1387689581;0.0
1359825201;0.0
286312810;6.746640616477469e-12
370866583;4.1304285341123386e-17
867482008;3.570467226624003e-08
-1190819431;0.0
-280749390;0.0
63916443;3.401222400000001e-05
-2024324129;0.00018895680000000005
-642668131;6.426841007923206e-09
1893046686;2.1859115597387005e-13
1560955295;0.0
681441696;0.0
-1962653279;3.0708791775736895e-34
-945108574;4.7782093469992743e-26
-1477977693;0.0
1789061541;0.0
946842465;1.0392152235417273e-73
2063837607;3.570467226624003e-08
795287013;0.0
902274907;8.600776824598695e-27
-615290453;0.00018895680000000005
407955884;0.005832000000000001
82631087;0.0
698994374;0.0010497600000000003
-1803187790;0.0
-744945229;7.0823534535533906e-15
229616054;1.4048506051822056e-21
-1464387145;0.0
374467000;0.0
1243313908;2.294682518951299e-16
659753402;0.0
-1127667269;0.0
1265670588;0.0
-437978688;0.0
1444870593;1.9835929036800014e-07
-1672791614;0.0
-634955325;0.0
-1783899708;3.934640807529661e-14
-741472522;0.0
-1392973370;4.551715960790346e-23
-415007421;0.0
1483438539;0.18000000000000002
1516837324;0.0010497600000000003
-714319454;6.426841007923206e-09
-2022655537;1.2748236216396103e-15
1817848274;2.7866516911699777e-28
1142761939;0.0
731474388;0.0
973937109;0.0
-1245734439;0.0
-366179878;1.7060439875409384e-33
-806184483;0.0
-545084962;2.0822964865671191e-10
1832995977;2.3967369283643495e-54
-15963678;0.0
-282846748;0.18000000000000002
749947365;1.1019960576000006e-06
2029623782;4.7782093469992743e-26
-2100168215;0.0
-1595856406;0.0
-1582468697;2.7866516911699777e-28
762333676;0.0
-156603923;0.0
1827240;1.9835929036800014e-07
422017522;8.815980604753115e-07
-1243272109;2.9253154793225965e-31
3568757;0.0
-402470409;4.1304285341123386e-17
1459243512;0.0
-1481737735;0.0
1551632890;0.0
2060157047;0.0
-220988932;6.122200320000003e-06
-2066097667;0.0
-448595458;0.0
-1685576619;0.0
457902592;2.65456074833293e-25
956320257;0.0
-1548699134;0.0
-1692276221;3.401222400000001e-05
-342377979;1.3382588450523978e-18
787933703;0.0
1879255560;1.1568313814261772e-09
-649004534;0.0
1365096971;1.1568313814261772e-09
1101093390;2.65456074833293e-25
-1830684145;0.0
1879349777;3.748133675820815e-11
-2001792738;2.52873108932797e-22
1562939139;0.0
1755936208;2.071811818771357e-45
-844780455;0.0
963058200;1.0444743046457214e-38
1711352345;0.0
-1624069606;5.01597304410596e-29
-1225919398;2.294682518951299e-16
847551006;0.0
-1704060385;0.0
-1454151136;0.0
-1728345567;0.0
666889353;1.3315205157579717e-53
215710245;1.7060439875409384e-33
-1626052058;0.0
-1028605401;0.0
-1595901398;0.0
762194475;1.5481398284277652e-27
1218374066;0.0
21531184;0.0
1357531697;6.122200320000003e-06
2072586802;0.0
-874264010;0.0
-1276937672;0.0
1437968955;6.426841007923206e-09
-1353205187;0.032400000000000005
1395370558;0.00018895680000000005
-1217033664;2.0822964865671191e-10
1021273038;0.0010497600000000003
168294978;8.193088729422623e-24
493623876;0.032400000000000005
-1121740219;1.9835929036800014e-07
-1090803129;0.0
431163977;0.0
-1098326417;0.00018895680000000005
-1455109555;3.401222400000001e-05
-1115979927;1.2748236216396103e-15
-44021168;0.0
-1424934472;0.032400000000000005
1556884053;1.4048506051822056e-21
-736335271;0.0
-1953596838;0.0
-1395107234;0.032400000000000005
-974771616;8.193088729422623e-24
138656353;6.243780467476469e-21
1115183714;4.3359586579697696e-20
-1551500701;0.0
-1510208924;0.0
-1555518155;0.032400000000000005
726334054;4.551715960790346e-23
-892929433;7.0823534535533906e-15
-51668376;0.0
315112041;6.746640616477469e-12
993867548;1.1568313814261772e-09
-1067881875;0.0
1431440632;0.0
-1337931152;1.1568313814261772e-09
-1039312271;0.0
-1555555726;0.0
505299425;3.748133675820815e-11
2129074805;0.0
-1525679498;0.0
-645215625;3.570467226624003e-08
88447608;1.0444743046457214e-38
755964537;0.0
171268731;4.31412647105583e-55
-1918821764;3.748133675820815e-11
-1587963263;7.43477136140221e-18
-707048828;0.0
1030093813;0.0
-1922622841;3.934640807529661e-14
1537587848;0.0
1943575177;6.122200320000003e-06
-1039175913;0.0
1094687372;0.0
1089174157;3.207454393647306e-72
-2054153779;1.7060439875409384e-33
-9278832;0.0
1900873202;0.0
1508461203;0.0
-118990185;0.00018895680000000005
1278024344;0.0
-1522328933;1.2143953109659446e-12
-922322276;0.005832000000000001
2099010205;0.0
-1145849186;1.790936736360976e-36
671492767;0.0010497600000000003
-396346720;0.0
-1659159903;0.0
1378904741;0.0
-212308862;5.265567862780674e-32
-1058814863;6.746640616477469e-12
-968643928;5.773417908565151e-73
-298710359;1.3382588450523978e-18
-1766745448;5.4997503320427044e-70
-1969061155;1.1568313814261772e-09
172845740;0.0
-105960787;0.0
-1941448018;0.00018895680000000005
-718402897;1.2143953109659446e-12
-497198415;0.0
-1428784462;0.0
1413577395;0.0
221506229;1.1019960576000006e-06
-343668040;6.426841007923206e-09
-469026119;1.790936736360976e-36
8051386;0.0
-1226519877;0.0
-2080933188;0.0
1097915069;0.0010497600000000003
1957132991;0.0
1520135968;0.0
-212596277;0.0
1054010052;5.802635025809563e-38
2011288694;0.0
-48756025;0.0
985295560;0.0
-173614644;5.265567862780674e-32
1434757837;0.0
760752847;0.0
-1864879999;0.032400000000000005
-709735726;1.2748236216396103e-15
-623695149;0.0
-1300768044;7.0823534535533906e-15
943751908;0.0
1174072022;5.01597304410596e-29
-908874631;0.0
-1732952057;0.0
451594969;0.0
-24954150;0.0
-228435237;5.265567862780674e-32
1718942429;0.00018895680000000005
242937339;7.0823534535533906e-15
616393440;0.0
-301761823;0.00018895680000000005
1371478034;0.0010497600000000003
2084316584;0.0
717847270;3.934640807529661e-14
399436519;1.2143953109659446e-12
418126569;0.0
-335770902;0.0
508271339;0.0
1271537612;0.0
-985277715;0.0
-976074002;0.0
-439649553;0.0
1604393713;3.748133675820815e-11
-1820701966;0.0
-1328231693;0.0
-1711748364;0.0
-9647370;0.0
1235266295;0.0
-1870210311;0.032400000000000005
1008541636;3.748133675820815e-11
-1099838722;0.0
-392680705;0.0
1217739520;0.18000000000000002
-1058653438;0.0010497600000000003
700504835;7.43477136140221e-18
-161806449;1.790936736360976e-36
-1015338235;2.1859115597387005e-13
1428757255;0.032400000000000005
-1440773367;2.4088659210943163e-19
-839455988;2.1859115597387005e-13
-1041519859;0.0
1438007373;0.0
993921808;0.0
-397153519;0.0
998132498;1.6251752662903314e-30
675183747;0.0
1486547732;0.18000000000000002
-24356074;0.0
-393049319;0.0
-335602918;6.426841007923206e-09
1908566811;3.401222400000001e-05
-1299580131;0.0
-433104098;3.401222400000001e-05
1842618160;0.0
-2024476197;0.0010497600000000003
-1799924118;6.426841007923206e-09
-1850468029;0.0
-1527031001;0.0
-2058749143;0.0
472468267;8.600776824598695e-27
1731873581;0.0
-239883471;2.4088659210943163e-19
-1967277261;2.0822964865671191e-10
1944804148;0.0
-688088999;0.00018895680000000005
477301443;0.0
-997024969;2.1859115597387005e-13
626449208;0.0
-1972942022;2.9253154793225965e-31
941357883;0.0
1253980989;4.3359586579697696e-20
328282565;0.0
-283797707;6.746640616477469e-12
75455296;0.0
-1134971447;6.426841007923206e-09
-1144222906;0.0
-1066471392;0.005832000000000001
-242109300;2.294682518951299e-16
-1083434164;6.746640616477469e-12
1730108237;2.071811818771357e-45
-78148786;0.0
-1465043827;0.0
701918032;0.0
192994129;1.5481398284277652e-27
-2142454956;7.804725584345586e-21
-195892393;0.0
381139800;0.0
-729839132;0.0
717719135;3.748133675820815e-11
1659487375;2.4088659210943163e-19
-1914274980;3.914829314772157e-49
-1597666467;0.0
1625225549;0.0
-1852302495;0.0
1498604419;9.430298923255664e-68
-1480665223;4.3359586579697696e-20
-1988094407;0.0
-1997735064;1.1568313814261772e-09
-275784855;0.005832000000000001
1710869354;0.0010497600000000003
-1108563093;0.0
-1748440212;3.570467226624003e-08
1296067437;0.032400000000000005
-295130258;2.4088659210943163e-19
-204484803;0.0
-1719579792;0.0
-1209316492;0.0
1949354869;0.18000000000000002
604580726;0.0
1078889335;0.0
1241123704;0.0
1470185693;0.0
-539943105;0.0
587582333;0.0
1931281557;0.0
-392066176;1.3382588450523978e-18
1828987371;0.032400000000000005
550869892;1.9835929036800014e-07
-473932608;2.1859115597387005e-13
1145236359;0.0
-1365484662;0.0
1274094743;0.0
614722444;1.1568313814261772e-09
-922920051;2.294682518951299e-16
-2070289234;1.9835929036800014e-07
-1664115824;0.0
265018257;6.746640616477469e-12
858428816;7.046692766589884e-50
1047968661;4.3359586579697696e-20
1952062359;3.0708791775736895e-34
-683866902;5.01597304410596e-29
317511994;1.9835929036800014e-07
623467421;7.43477136140221e-18
67400431;0.005832000000000001
925096865;2.294682518951299e-16
1447181220;6.122200320000003e-06
421288869;0.0
562124291;0.0
387716258;0.0
-977765463;0.0
1717910443;2.4088659210943163e-19
-389438990;0.0
1595296687;2.7726204917548637e-63
-748459088;1.1019960576000006e-06
1164061170;4.551715960790346e-23
1869650868;0.032400000000000005
-1231479650;0.0
1951419322;0.00018895680000000005
1332677563;1.4048506051822056e-21
-656307268;0.0
-327926850;6.122200320000003e-06
1672743871;0.0
-243115070;0.0
845450179;0.0
-337871932;5.01597304410596e-29
1274576078;0.0
-1927955510;1.1568313814261772e-09
-570219020;0.0
-380113971;0.0
420432846;0.0
1351403341;0.0
1473620944;0.0
-1622803503;0.0
953158610;0.0
1640635348;0.0
1564048341;2.7866516911699777e-28
415886294;2.52873108932797e-22
1344723449;0.0
1189037928;0.18000000000000002
-646030899;8.151835327660028e-59
-140541446;6.426841007923206e-09
2042993634;0.0
-1745654618;8.193088729422623e-24
590756838;6.426841007923206e-09
-1274029080;7.43477136140221e-18
1964796905;3.570467226624003e-08
-297952276;0.18000000000000002
1887460333;0.0
1128131752;0.0
1866931186;1.1019960576000006e-06
953730210;3.934640807529661e-14
791563254;7.43477136140221e-18
1914641399;1.6251752662903314e-30
2128288760;1.3382588450523978e-18
1891646457;1.9835929036800014e-07
-844817414;0.0
509259510;7.43477136140221e-18
1398998186;3.2236861254497573e-37
-1927187794;0.0
-542807785;0.0
428858369;0.00018895680000000005
1964669956;0.0
1073426627;0.18000000000000002
-1539617786;0.0
-831782399;0.0
-639136760;0.0
-1690158071;0.0
-779109365;3.934640807529661e-14
-443110910;0.0
-683004375;0.0
456998061;0.0
-1114760176;1.1019960576000006e-06
2094707153;0.0
535741621;0.18000000000000002
1722164398;3.934640807529661e-14
1629073805;0.0
1688169497;4.551715960790346e-23
1193368604;0.005832000000000001
-1485317090;0.0
1275378720;1.2143953109659446e-12
-1190089694;6.746640616477469e-12
1984366427;0.0
1607912484;0.0
-2047546331;0.0
50568230;1.5481398284277652e-27
-506512345;4.551715960790346e-23
1848917032;0.0
-1788318679;7.804725584345586e-21
1773911082;1.1568313814261772e-09
362082823;0.0
62804299;2.7866516911699777e-28
1452551213;0.0
188761104;0.0
116788274;0.0
1736154163;0.0
462598201;0.0010497600000000003
-1862906826;6.122200320000003e-06
1343515703;3.748133675820815e-11
1830308922;2.7866516911699777e-28
1272138811;0.0
-1085400004;0.00018895680000000005
2078211133;0.0
-569164737;0.0
-1881064384;1.4747559712960721e-24
1113992257;1.2143953109659446e-12
180546742;5.265567862780674e-32
-814334111;0.0
771927113;0.0
-1244820406;6.426841007923206e-09
769272907;0.0
400151191;6.091374144693849e-41
-1105213598;0.0
-1153778609;0.0
1648103267;1.2082806527074558e-47
-1108434418;0.0
-729043879;1.2748236216396103e-15
1782133946;1.9835929036800014e-07
-1070809925;1.2143953109659446e-12
-525095836;0.0
1538923621;7.804725584345586e-21
1537570003;4.1304285341123386e-17
2129345639;0.0
-2087326616;0.0
1626791300;0.0
-702485395;1.7060439875409384e-33
-118206466;1.9835929036800014e-07
2087651176;0.005832000000000001
1429576818;0.0010497600000000003
728300051;4.551715960790346e-23
1445489780;3.0708791775736895e-34
-1062355849;0.0
147455096;0.0
-74167175;0.0
1420340346;2.0822964865671191e-10
63609979;0.0
1705880701;3.570467226624003e-08
-1159209855;0.0
426335362;0.005832000000000001
1580997763;0.0
1436236932;3.748133675820815e-11
-2014663547;6.122200320000003e-06
-1714122649;3.2236861254497573e-37
-459641719;0.0
-1750848373;4.1304285341123386e-17
-529470321;0.0
-1353364336;0.0
-2115953519;1.2748236216396103e-15
975873219;0.0
-1416999787;0.0
-191844019;0.0
1481600151;0.0
-1116942557;1.9835929036800014e-07
-52654950;0.0
-1502701030;2.294682518951299e-16
-1511445346;0.0
-467637089;0.0
-661570398;0.0
1459293348;0.0
-2099254106;0.0
306597032;0.0
-715563860;0.0
-918758227;0.0
-349859299;0.0
585309360;0.0
-1184609103;0.0
-787882829;0.0
508021278;0.0
-48653130;0.0
1436325683;0.0
1836092602;7.804725584345586e-21
531864763;0.0
-1444127542;3.401222400000001e-05
-1413342016;3.401222400000001e-05
-1032934207;0.0
-1766990654;1.2082806527074558e-47
-576561973;5.265567862780674e-32
326139079;0.005832000000000001
666320073;3.384096747052138e-40
902204493;3.401222400000001e-05
-104929417;0.0
134085836;0.0
1130781902;3.570467226624003e-08
-1591151982;4.1304285341123386e-17
848837842;0.0010497600000000003
1723092179;3.0708791775736895e-34
-771674924;0.18000000000000002
-2040054578;0.0
162462934;3.570467226624003e-08
-1822499625;6.746640616477469e-12
-1435222170;0.0
-1475703590;0.0
1949404379;0.0
-453698340;3.401222400000001e-05
1179803514;0.0
-1776772369;3.934640807529661e-14
-951124767;0.0
474463458;0.0
-456139549;0.0
-1638875932;0.18000000000000002
-1765352218;0.0
-373381252;0.0
817394215;0.0
-1298785043;0.0010497600000000003
-1871061778;1.2748236216396103e-15
-817375363;1.9835929036800014e-07
-703546127;7.43477136140221e-18
-1326764845;0.0010497600000000003
973790452;1.3382588450523978e-18
-1554682634;0.0
272862456;3.401222400000001e-05
667840729;1.3382588450523978e-18
678186879;0.0
-1634190084;1.1019960576000006e-06
-658767318;3.748133675820815e-11
-1229808386;0.0
1582476545;1.9835929036800014e-07
-2087164895;1.8800537483622986e-39
1683954949;0.0
-114987769;6.426841007923206e-09
1058761943;3.570467226624003e-08
844754188;9.028751479390729e-30
1134727042;2.1859115597387005e-13
-1068256602;0.005832000000000001
-775471856;0.0
-1909914408;0.0
515915028;3.367057324275197e-75
465394967;0.032400000000000005
-1629094632;0.0
-1343615719;1.9835929036800014e-07
-508789478;0.0
1983245595;0.0
2121166109;0.0
1779784991;0.0
1231258160;1.4048506051822056e-21
591146719;1.1568313814261772e-09
466079011;1.1019960576000006e-06
-673202908;0.0
-1184573562;0.0
1588290097;0.0
819346728;0.0
652776668;3.570467226624003e-08
-1255535317;2.0822964865671191e-10
-845669075;0.0
-918311785;3.570467226624003e-08
-926036689;1.1019960576000006e-06
-341734096;6.426841007923206e-09
1872426788;0.00018895680000000005
2112146738;0.0
-257966797;0.18000000000000002
-1000285062;0.0
-2031210615;0.0
152743225;0.0
-1996112582;2.998507416482019e-11
-689578693;6.746640616477469e-12
-1961077056;0.00018895680000000005
-1404736195;0.0
-1453683393;0.0
1217559873;0.0
-1854706365;6.122200320000003e-06
1601916815;0.0
1704045110;2.294682518951299e-16
-1671318463;0.005832000000000001
-532890296;0.0
208858441;0.0
-2039803337;0.0
-877849374;0.0
1102925134;0.0
-1622794928;0.00018895680000000005
453225810;2.1859115597387005e-13
562101475;3.934640807529661e-14
-1092772524;1.1019960576000006e-06
-1979957930;0.0
-675553961;0.18000000000000002
2055880025;0.0
106253658;0.0
964472155;8.600776824598695e-27
-1879921316;0.005832000000000001
-961519046;0.18000000000000002
-309392034;0.0
-906027681;1.1568313814261772e-09
-1969085046;5.01597304410596e-29
402619745;3.401222400000001e-05
2091674978;6.746640616477469e-12
997592422;2.0822964865671191e-10
-1995427951;0.005832000000000001
1085050216;1.2748236216396103e-15
1776786793;2.52873108932797e-22
-1945887382;6.426841007923206e-09
-175184665;0.0
707456938;1.3382588450523978e-18
-873923216;1.7060439875409384e-33
-1106518125;0.0
-1942216579;6.426841007923206e-09
625917879;0.0
-892418839;0.0
-925107919;0.0
-601924231;0.0
337272186;0.18000000000000002
1573776763;4.3359586579697696e-20
-1994740356;2.0822964865671191e-10
1693152490;3.570467226624003e-08
1899158911;0.005832000000000001
489627009;0.0
-7955221;6.426841007923206e-09
1983503748;0.0
-1000518266;0.0
-67703417;0.0
-201790070;3.570467226624003e-08
-87773813;6.122200320000003e-06
-1936941682;7.0823534535533906e-15
-773227283;0.0
-597422378;3.401222400000001e-05
-885576303;0.0
-345064046;0.0
1784335763;0.0
-1355864631;0.0010497600000000003
2059079062;0.18000000000000002
-323965544;1.151006565984087e-44
307325508;6.122200320000003e-06
-1544274533;1.9835929036800014e-07
-669336161;0.0
1421640853;0.0
1486945702;0.0
-161444441;0.0
175193512;0.0
1752378609;0.0
-1269690962;3.2236861254497573e-37
1588473266;0.0
-560304717;0.0
-1622721100;3.934640807529661e-14
-759584556;1.1568313814261772e-09
410998915;5.265567862780674e-32
-1791611465;7.804725584345586e-21
1608089016;0.0
-976278087;0.0
319981785;0.0
1570060191;0.005832000000000001
-573809220;0.0
331730365;2.0822964865671191e-10
466304448;0.0
-612135487;1.1568313814261772e-09
346119619;2.3422650556642727e-16
-506507836;7.0823534535533906e-15
689357548;0.005832000000000001
-1536750138;2.65456074833293e-25
-1524234335;0.0
1807306184;0.0
2050354633;0.0
593031826;0.0
-1049080372;2.7866516911699777e-28
-659464286;0.0
367619534;0.0
2006896079;0.0
1650426826;0.032400000000000005
1280435448;0.0
1939791315;0.0
-1389273640;3.401222400000001e-05
1411149273;0.0
330464734;8.193088729422623e-24
-2034510661;6.394480922133816e-44
1822412256;0.0
-1236345373;6.746640616477469e-12
-112628252;0.0
1461337573;0.0
-1583727129;0.0
-278344215;0.0
-1166668310;0.032400000000000005
1011580395;1.9835929036800014e-07
926346733;0.0
1960369647;0.0
-2050761230;0.0
-1306591757;6.746640616477469e-12
-252641802;0.0
-1010889225;0.0
2011573752;7.804725584345586e-21
-975450631;1.6251752662903314e-30
1649589754;0.0
-2097270405;1.4048506051822056e-21
475084154;0.0
374550014;0.0
668388863;1.4747559712960721e-24
-352487405;0.0
1494724097;0.18000000000000002
1280974339;0.032400000000000005
615562757;0.0
1011924486;0.0
1339137544;0.005832000000000001
-1007051253;0.005832000000000001
-561111540;0.0
-1036467610;0.0
265457166;1.4048506051822056e-21
19931053;0.0
-1209504231;0.0
2025840145;0.0
-1108423147;0.0
-1514005927;2.0822964865671191e-10
-1294959080;1.5403447176415908e-62
643001881;0.0
547986971;0.0
1384767004;0.032400000000000005
1048844890;7.804725584345586e-21
-879346652;6.426841007923206e-09
572653089;0.032400000000000005
460668452;0.0
38379045;0.0
108846210;0.0
885177895;0.0
1521155625;0.0
1735036458;0.0
-905859540;0.0
-1161249235;0.0
-555614672;2.294682518951299e-16
-1247076815;4.10963122147522e-52
-293130702;0.0
-565123149;0.032400000000000005
-4971886;0.18000000000000002
-203579849;0.0
223534649;0.0
-1409850785;2.1859115597387005e-13
1102886154;6.122200320000003e-06
-1084871105;0.0
1606241857;0.0
106217026;3.401222400000001e-05
-554553788;0.0
-1576611092;0.0
2012069446;0.0
-693305783;0.0010497600000000003
-1839096245;3.570467226624003e-08
-20918703;0.0
-833536430;0.0
-1901838765;0.0
-1765634473;1.9835929036800014e-07
788184664;0.0
618323545;0.0010497600000000003
1712133646;1.9835929036800014e-07
-1752846757;0.0
965676638;1.2748236216396103e-15
-938864027;4.1304285341123386e-17
1138406679;0.0
-73204464;0.0
762228322;0.0
1214836323;0.0
2014838373;0.0
-2027762074;6.426841007923206e-09
1978334823;0.0
1475440232;0.0
1861537386;0.0
84384359;0.0
1441971822;0.0
-1298338193;9.478022153005213e-33
1439116916;0.0
-767803786;0.0
-1805370775;1.1568313814261772e-09
1490058872;0.005832000000000001
1602492260;0.0
-1586307461;0.0
-141742468;0.0
-9118081;0.0
-441930112;3.570467226624003e-08
-123683199;0.0
-1636703442;0.0
-1880850812;9.478022153005213e-33
-779129209;0.0
-769642872;3.748133675820815e-11
1118905623;3.401222400000001e-05
1927258050;0.0
-870314353;6.122200320000003e-06
1130700029;0.0
1142664852;0.0
-838091020;0.0
1159494937;0.0
-67850599;0.0010497600000000003
2140304000;1.2143953109659446e-12
-579731813;0.0
-400626020;0.0
-1911365986;0.0
379172706;0.0
616616560;0.0
794734242;0.0
613314211;0.0
515919524;0.0
-79659463;0.0
-1277088090;1.4747559712960721e-24
1816444584;1.1019960576000006e-06
621656208;0.0
-2124878165;0.0
-792279779;4.1304285341123386e-17
1605992114;0.005832000000000001
-325931339;0.00018895680000000005
-689520970;0.0
-802562377;1.1019960576000006e-06
-131227972;6.426841007923206e-09
1407489451;1.4048506051822056e-21
191254211;6.122200320000003e-06
1988488900;2.1859115597387005e-13
-1676738875;8.193088729422623e-24
1848630982;0.0
-804915935;0.0
-1112707384;0.0
2101794764;0.0
1413652170;0.0
734641867;1.9835929036800014e-07
-1131610418;4.551715960790346e-23
-337662256;2.9105860874245867e-66
-17715503;0.0
-474194221;1.9835929036800014e-07
-1905209643;0.0
943161046;0.0
-1965777193;1.2143953109659446e-12
370314968;0.0
-365543719;0.0
-798126373;6.426841007923206e-09
214421214;0.0
-1436750113;6.122200320000003e-06
-649965856;6.091374144693849e-41
1315962593;9.028751479390729e-30
-1050439966;0.005832000000000001
-766947613;6.746640616477469e-12
1136828132;0.0
-1728409881;0.0
1688497896;0.0
346124011;9.028751479390729e-30
663758802;0.0
1185717998;0.032400000000000005
-1413553539;0.0
-488153360;1.9835929036800014e-07
1215258356;0.0
-1967194378;0.0
1278295799;0.0
-1541730568;0.0
-1680314631;4.3359586579697696e-20
289010303;0.0
767508437;0.0
-1436836096;0.0
-511996159;0.0
796536578;7.43477136140221e-18
-73935573;3.401222400000001e-05
-1740632106;0.0
-889127162;0.0
-1083642105;0.0
-1260111077;1.2143953109659446e-12
751333129;4.3359586579697696e-20
334921484;0.0
-1310839027;0.0
-1185083634;0.0
-971751665;0.0
483054270;1.5481398284277652e-27
1111510806;0.005832000000000001
-1297535209;7.43477136140221e-18
-373338150;1.9835929036800014e-07
1633316638;0.0
-57040251;0.032400000000000005
-1982800096;2.4088659210943163e-19
-18264287;0.0
-1612083422;1.0964473460448928e-41
667654107;1.7487292477909604e-13
1187708708;0.0
-1109168347;7.43477136140221e-18
-1600324478;0.0
-106221785;0.0
1977745192;0.0
704868999;6.746640616477469e-12
434208556;0.0
-1997635795;0.0
-651043026;0.0
562507568;0.0
-1420117368;0.0
-1875632334;1.9835929036800014e-07
-938944002;3.401222400000001e-05
223746014;0.0
457658166;0.0
1659170615;0.0
1141583812;0.0
-1900355782;8.600776824598695e-27
1148673852;0.0
-129228150;0.0
-178929858;0.0
-394965185;1.1568313814261772e-09
134393665;0.0
1074904899;1.2143953109659446e-12
1025140341;0.0
-1692545209;0.0
474011618;2.0822964865671191e-10
-1187535649;0.0
1154392035;0.18000000000000002
778825557;3.748133675820815e-11
807444311;0.0
1254788953;7.43477136140221e-18
1264253129;2.0822964865671191e-10
-740470129;0.0
671952732;0.0
-103710882;3.0708791775736895e-34
1761152997;0.0
1955016545;2.294682518951299e-16
-1785372829;2.1859115597387005e-13
1673101157;0.0
-1207320730;0.005832000000000001
-1757457775;6.122200320000003e-06
-812385216;0.005832000000000001
317726012;0.0
-2073800855;0.0
-942907541;2.65456074833293e-25
175342226;2.4088659210943163e-19
69570415;0.0
1401160250;1.4048506051822056e-21
-960469161;6.122200320000003e-06
957194102;0.0
1656822499;2.6411946461618495e-60
1976330344;1.1019960576000006e-06
-234655878;7.43477136140221e-18
1305976699;2.0822964865671191e-10
1583832956;3.401222400000001e-05
-2140614787;1.1568313814261772e-09
148782975;0.0
-1691414656;2.4088659210943163e-19
-747535040;0.0
-1149497470;0.0
1710276483;4.1304285341123386e-17
1651047148;0.0
2000215945;0.0
-843411574;0.0
-1701830773;1.9835929036800014e-07
-592842868;0.0
-841429106;0.0
1408653421;0.0
1941957272;0.0
-927372457;0.0
399114131;0.0
915087252;0.0
-2063765610;0.0
-1519734289;0.0
-1711190120;0.0
1550380955;6.122200320000003e-06
647462814;0.0
-1460479379;0.0
-1972449375;0.0
-26181726;0.0
-972943449;0.0
-2028021092;3.570467226624003e-08
1579634602;0.0
-1824038996;3.748133675820815e-11
-1858584659;0.0
1625139869;0.00018895680000000005
443117488;0.0
755919518;0.0010497600000000003
-1602756682;0.0
-1866117815;0.0
1483669432;3.570467226624003e-08
1743138747;0.032400000000000005
1253348682;1.2748236216396103e-15
1514927173;3.934640807529661e-14
586321909;0.0
-1125161331;0.0
887734944;9.949648535338754e-36
-1150148670;2.0822964865671191e-10
-1717439157;9.949648535338754e-36
-168804412;0.18000000000000002
1087766470;0.0
1393987528;3.570467226624003e-08
2100868387;0.0
2032033740;0.0
-957689907;3.570467226624003e-08
-1499627528;1.6251752662903314e-30
-1546358830;1.6251752662903314e-30
-894553437;4.7541503630913294e-61
-1523388460;8.193088729422623e-24
-1589964843;0.0
489566166;0.0
1946362514;0.00018895680000000005
-1448091686;0.18000000000000002
-1537454116;1.6658371892536953e-10
-703586339;0.0
1269387446;0.00018895680000000005
-814424752;0.0
620335075;0.0
-1469251612;0.0
-999908872;2.294682518951299e-16
1655255014;0.0
-1447944217;4.7782093469992743e-26
2095927274;2.1859115597387005e-13
1032536043;6.426841007923206e-09
341663741;2.0822964865671191e-10
-50925583;0.0010497600000000003
1150173171;0.0010497600000000003
1366491340;0.0
-2023947402;8.600776824598695e-27
1226021846;0.0
-2126991367;3.934640807529661e-14
-1139122181;0.0
1126936573;0.0
890245118;0.0
