08:40:54
-141625344;1.4747559712960721e-24
-243788800;0.0
1835056811;0.0
1998452740;1.1568313814261772e-09
-1647132667;0.00018895680000000005
-706162682;1.3382588450523978e-18
1835073537;0.0
514723848;0.0
-674287607;2.1749051748734205e-48
1870678026;4.990716885158755e-64
-1551077365;0.18000000000000002
786020364;0.005832000000000001
-2130952179;0.0010497600000000003
1237545645;5.802635025809563e-38
-1266966510;3.570467226624003e-08
-1794447340;1.1019960576000006e-06
-997928939;0.18000000000000002
-2100570088;0.0
-1590534119;0.0
-688062438;0.0
24057883;1.2143953109659446e-12
-241434594;0.0
-1881729019;0.0
934666272;1.9736052228808072e-42
364877857;6.426841007923206e-09
-1147782841;0.18000000000000002
-1613731804;0.0
-130278611;0.0
537280550;0.0
-77502425;2.1859115597387005e-13
-761377444;0.0
489297962;0.0
107456555;0.0
-594728913;3.570467226624003e-08
-149258192;1.1568313814261772e-09
669057073;5.527582519632641e-35
-1523185613;1.0392152235417273e-73
-1659828171;4.551715960790346e-23
-1334259658;1.1568313814261772e-09
-708935624;0.0
-1276719047;0.0
791193920;0.0
-1388208068;0.0
-1329278966;0.0
-664603979;0.0
-272586688;2.5033301366720777e-92
-1404055486;0.0
1129545057;2.4088659210943163e-19
1058674611;3.748133675820815e-11
-1403621303;0.0
1716545610;0.0
-1190853961;8.98329039328576e-65
1097130060;0.0
1815693666;0.18000000000000002
1873399886;0.0
631543887;0.0
-629962672;7.43477136140221e-18
2131842744;0.0
929030226;3.748133675820815e-11
-456922786;0.0
1309980762;0.0
-302821361;0.0
-1108772766;0.0
881085115;0.0
-1335347100;0.0
-1676967578;0.0
333608636;0.0029160000000000006
1786480747;1.9835929036800014e-07
1312731244;0.0
-2074990483;2.2716325701962985e-86
567427182;2.52873108932797e-22
-361887633;0.18000000000000002
-182050703;0.0
1545392242;2.1859115597387005e-13
-1232637837;0.0
-1596903304;2.1859115597387005e-13
-681965548;0.0
488202362;0.0
1915814013;0.0
440756351;0.0
-1631973248;0.0
1621997697;0.0
-1512128382;3.4894116994913664e-05
-541855613;6.678871014716054e-82
-2050355541;0.0
-1470674809;0.032400000000000005
190728328;0.0
-640074900;3.401222400000001e-05
-990584694;0.0
-2101698420;0.0
-551456627;0.0
-1818886002;2.65456074833293e-25
972386447;0.0
111108241;0.0
-1407664445;0.032400000000000005
1758450030;0.0
-703048176;9.430298923255664e-68
-1002961525;3.570467226624003e-08
328708249;0.0
-115298149;0.18000000000000002
-802856804;0.005832000000000001
682786842;1.2748236216396103e-15
-871464801;6.122200320000003e-06
1008558752;0.0
-254488415;0.00018895680000000005
1757300898;1.7819191075818363e-71
1224178933;0.0
-488767323;0.00018895680000000005
1890769062;0.0
-330532696;0.0
939940010;0.0
1272897707;1.1019960576000006e-06
932862125;4.3359586579697696e-20
-1479229264;3.570467226624003e-08
489646257;2.9105860874245867e-66
-580273997;8.557470653564394e-62
-1447282508;4.7782093469992743e-26
1976106937;0.0
1323561142;2.384669006889267e-89
1580304567;0.0
-1570654024;4.1304285341123386e-17
1034248588;0.0
-1787647811;3.934640807529661e-14
1017748853;0.0010497600000000003
-1436276136;0.0
-1632417598;0.0
-1950107452;1.2748236216396103e-15
2116765893;0.0
-132181983;0.0
-1126909751;2.0822964865671191e-10
-1944788790;4.551715960790346e-23
550488269;0.0
-925351726;1.459942135707156e-94
1107235027;0.0
-211044139;0.0
956453924;0.0010497600000000003
444322010;0.0
1669105886;1.2748236216396103e-15
799236319;0.0
-183879456;1.1019960576000006e-06
873621730;7.0823534535533906e-15
-787519259;0.0
795734246;0.005832000000000001
760854908;0.0
1374456042;0.0
131660011;0.0
230124316;6.746640616477469e-12
1465880432;0.0
286949614;0.0
329545967;2.0822964865671191e-10
-1463097104;0.18000000000000002
179276021;5.802635025809563e-38
-754315021;0.0
-1718014594;0.0
-2145654537;0.0
-1073753863;0.0
849119482;2.4088659210943163e-19
-1884745477;0.0
43433002;1.616992270791437e-65
497344768;0.0
-740445950;0.0
645910787;4.7541503630913294e-61
-2111031036;0.0
-2071752442;0.0
-1921740537;0.005832000000000001
732764424;1.5481398284277652e-27
-1712496373;0.0
2138894349;2.52873108932797e-22
1658659086;1.9835929036800014e-07
2023875288;0.0010497600000000003
-1610910060;0.0
-153524370;0.0
1541153046;0.0
1261453591;6.122200320000003e-06
-2100774632;0.0
844572036;2.0822964865671191e-10
2043255066;0.0
1566953755;0.0
1719660828;5.397312493181975e-12
-1937399522;1.9835929036800014e-07
-288249569;0.00018895680000000005
-68876000;0.0
1258561825;5.265567862780674e-32
-1147815089;4.3359586579697696e-20
187371811;0.0
2082187556;0.032400000000000005
-1977779834;1.2143953109659446e-12
-180756186;3.401222400000001e-05
370909233;9.359765606561227e-09
862005545;0.0
-571567830;0.0
2094895403;0.0
179767597;0.0
784384302;1.1019960576000006e-06
-1484984016;0.0
1463075121;0.0
-1466202061;0.0
892485944;6.426841007923206e-09
1528609082;1.9835929036800014e-07
180045535;0.0
2058019133;0.0
1868788030;0.0
-1096937152;3.934640807529661e-14
99154241;0.0
1549867044;0.0
1209471371;0.0
82841924;2.294682518951299e-16
1349091382;6.426841007923206e-09
-813138148;2.7726204917548637e-63
1657463111;0.0
-1661598324;6.426841007923206e-09
-436188853;0.0
212064589;0.0
252254545;0.0
1492252958;1.1019960576000006e-06
214258403;0.0
1824082260;3.0708791775736895e-34
-986871467;0.0
314081337;0.0
-1194720934;0.0
-1730348657;6.746640616477469e-12
-1324988068;2.1859115597387005e-13
-731195043;0.0
-1285574306;0.0
2013182303;0.0
-1362253472;0.0
-1614904991;1.1568313814261772e-09
1274370402;0.0
-657494981;0.18000000000000002
109928804;2.4088659210943163e-19
-1492946586;1.3382588450523978e-18
-1378926232;0.0
1033070953;1.4673303589788051e-59
-191995542;0.0
346156775;1.3315205157579717e-53
161255790;9.949648535338754e-36
1418655220;0.0010497600000000003
-321003151;0.0
1946233203;0.0
806947189;0.0
-244338314;0.0
-1146795654;0.0
1349409147;0.0
-184954500;1.3907389648178208e-91
-575661696;6.122200320000003e-06
-1442135679;0.0
1909449092;0.0
-1481461371;0.005832000000000001
-921728634;0.0
1888899467;2.294682518951299e-16
362191244;2.52873108932797e-22
1912322445;5.509980288000003e-07
-2021975665;0.0
-1802454640;3.934640807529661e-14
-437345902;1.1568313814261772e-09
-64491117;0.18000000000000002
1119971575;0.0
1535707543;0.0
-677889640;1.1568313814261772e-09
-1179358823;0.0
-148758523;0.0
-1318160360;0.0
75219360;0.0
-144202441;0.0
-1332975289;0.0
-150256229;0.005832000000000001
-688404118;0.032400000000000005
-363643834;2.0822964865671191e-10
750524842;0.0
-1939484244;0.0
2026328493;0.0
-1465009746;0.00018895680000000005
-1645639249;6.122200320000003e-06
976834993;0.0
-405463650;0.0
-1533679178;0.0
-451389001;0.0
897716507;4.3359586579697696e-20
2139142588;0.0
-362257987;1.3315205157579717e-53
-1165776450;6.122200320000003e-06
-142251583;0.0
1964239947;6.426841007923206e-09
-1937815100;3.401222400000001e-05
2021034437;1.3382588450523978e-18
712774087;0.005832000000000001
-956387934;1.4048506051822056e-21
1690477007;0.0
2006141393;0.0
-2006599211;5.01597304410596e-29
-1158409956;0.0
1784582616;0.0
1192597583;4.10963122147522e-52
-1031206433;1.2143953109659446e-12
1564862944;0.005832000000000001
-142849566;0.0
1808560611;0.0010497600000000003
-637038108;0.0
-4118043;1.1019960576000006e-06
-1307022874;6.122200320000003e-06
844372455;0.0
2017896936;0.032400000000000005
2027387370;3.401222400000001e-05
836964843;0.0
2017149420;0.0
-394359940;0.0
1866332656;1.3382588450523978e-18
798190065;4.1304285341123386e-17
-545850893;1.9835929036800014e-07
200206837;2.4088659210943163e-19
326308342;6.122200320000003e-06
-874169864;0.0
1537525844;0.0
641640956;0.0
655825405;0.0
-1547891562;0.0
393687551;0.0
571314689;7.568340031505897e-96
500756996;0.0
853109257;0.0
408965642;0.0
1044709901;0.0
-519056881;1.3382588450523978e-18
-133912829;0.0
1505089967;0.0
-871339492;0.0
1325603357;1.340453774535593e-07
-1509397984;0.0
-1287082576;5.773417908565151e-73
156355109;0.0
-645809625;7.43477136140221e-18
1129663016;0.0
-912877635;0.0
-545334737;0.0
-581080528;3.401222400000001e-05
-1571798478;1.3248161149384815e-88
1652998707;0.0
1202371126;9.917964518400007e-08
888790793;0.0
2117593659;0.0
1122382602;0.0
1936765502;0.0
-779906635;4.1304285341123386e-17
-1512003008;1.2748236216396103e-15
1950702688;0.0
1849678403;3.748133675820815e-11
245546635;3.570467226624003e-08
-1820210619;2.0822964865671191e-10
605805127;5.773417908565151e-73
463592009;0.0
1104371127;0.0010497600000000003
-1070638516;0.0
-1597501594;0.0
-119427315;0.0
-181136816;0.0010497600000000003
1196245585;1.2143953109659446e-12
897927762;0.0
-89970093;0.0
9239126;2.294682518951299e-16
-504566343;4.1304285341123386e-17
1214167640;2.1859115597387005e-13
-477023473;0.0
1121296990;0.0
-220583835;4.3359586579697696e-20
790331719;0.0
-2093895676;0.0
1041361509;0.0
87587430;0.0
-74667416;0.032400000000000005
-1371133333;1.1568313814261772e-09
1711975020;0.00018895680000000005
-136720622;3.570467226624003e-08
1940648381;1.262018094553499e-85
-2068290960;9.028751479390729e-30
-479626638;0.0
-1921026285;0.0
-1106116162;0.0
-578932253;0.0
1779780218;4.1304285341123386e-17
1358130623;0.0
-2017846659;0.0
-374838273;3.401222400000001e-05
-1583793536;0.0
-485500287;3.748133675820815e-11
-1811336574;7.804725584345586e-21
87459947;4.1304285341123386e-17
1476423876;0.0
-1649526138;1.2143953109659446e-12
1955006913;1.8705874023751094e-74
-504165750;0.0
450220823;4.52879740425557e-58
1344838287;6.122200320000003e-06
-637173104;1.151006565984087e-44
206727826;0.0
1303589120;0.0
2014233237;0.0
-376103376;0.0
-1675515239;1.1019960576000006e-06
742273691;0.0
-1637836132;0.0
1552468637;0.0
-205229409;1.1019960576000006e-06
-1728238944;0.005832000000000001
-476919135;0.0
559633060;1.1568313814261772e-09
532734629;6.122200320000003e-06
1368662986;1.7819191075818363e-71
-1867077519;0.00018895680000000005
-1793607000;7.804725584345586e-21
-1255741668;6.426841007923206e-09
993432236;5.4997503320427044e-70
-1189614931;3.9160816534210104e-05
1985561741;2.2831284563751223e-51
-1056894287;0.0
1296351922;0.005832000000000001
-496104779;0.0
1552493852;1.4048506051822056e-21
1161229439;6.746640616477469e-12
-1752028967;3.401222400000001e-05
1700752059;7.43477136140221e-18
-157470020;0.0
2079986366;0.005832000000000001
-1770679613;0.0
-692133779;0.0
-1457414095;0.0
-1562582330;1.9835929036800014e-07
-1448361053;0.0
465216290;2.65456074833293e-25
-761453872;0.0
1426721571;0.0
848257750;1.9835929036800014e-07
-139982121;0.0
2084383448;0.0
1136276260;0.0
-1437254949;0.0
-1313445156;0.0
1012162341;0.0
-463539488;0.0
1488842917;0.18000000000000002
779477731;2.0822964865671191e-10
-1833782831;0.005832000000000001
-465896728;1.3382588450523978e-18
602999530;0.0
-490042896;0.0
6988526;0.0
991638256;0.0
345588465;0.0
-1266380046;3.934640807529661e-14
871590643;0.0
2077983476;3.213420503961603e-09
753810483;0.0
2106987647;0.0
1296993023;2.6411946461618495e-60
-854863103;0.0
-301589758;3.748133675820815e-11
1873980203;0.0
-2087705852;0.0
-691129595;0.0
-919423;0.0
-508030198;0.0
110029579;0.0
-1851714803;0.0
1288074235;9.447840000000003e-05
78256913;0.032400000000000005
1089308048;3.401222400000001e-05
-520809709;0.0
791004974;0.0
1827496726;1.1019960576000006e-06
124193559;0.0
-699241704;0.0
490238745;1.1019960576000006e-06
1026177819;1.6974538061860197e-68
729889564;0.005832000000000001
-1388795106;0.18000000000000002
68227871;0.0
-567961273;0.0
1287046619;0.0
1692498051;1.2748236216396103e-15
-392080601;0.0
1429781288;0.18000000000000002
-1129450711;0.0
-394516345;6.122200320000003e-06
990914849;0.18000000000000002
1407247153;0.0
-175322318;3.570467226624003e-08
-2093698249;3.748133675820815e-11
-1682582728;7.765427647900494e-56
1612180281;1.1019960576000006e-06
-2139852321;3.748133675820815e-11
-1725588676;9.715162487727555e-13
79643453;0.0
393425726;1.2143953109659446e-12
1855169343;0.0
677675840;0.0
-1247313040;1.5403447176415908e-62
888834883;7.804725584345586e-21
409334596;0.0
215763782;0.0
537754439;0.0
1204968264;3.934640807529661e-14
249873225;0.005832000000000001
1101755210;0.00018895680000000005
-917834933;0.0
1177310029;0.0
-1767287666;2.0822964865671191e-10
-897977521;4.1304285341123386e-17
503665488;0.0
1496354275;0.0
-3396780;0.0
-440518514;0.18000000000000002
-1192164734;0.0
-1487432873;0.0
740041562;0.0
-304598181;0.0
-1704103076;0.0
2044114064;0.0
1231885155;4.551715960790346e-23
-813274268;2.1859115597387005e-13
-1992924697;0.0
-669478036;0.0
1665441334;0.0
1652413245;0.0
-1522807952;0.0
984094184;0.0
-1958159253;3.401222400000001e-05
464880446;0.0
-2025055370;0.0
1534139256;1.616992270791437e-65
139674489;2.1859115597387005e-13
-1175602308;0.0
-562879617;3.401222400000001e-05
257739648;0.0
-630148223;0.18000000000000002
-986905726;2.52873108932797e-22
970816387;0.0
785482628;3.934640807529661e-14
1421714309;1.2143953109659446e-12
873648425;0.0
-1652968567;0.0
2028481418;0.0
884099979;7.011211636408327e-85
-896277620;3.401222400000001e-05
1041095565;0.0
22494094;7.804725584345586e-21
-1431676017;0.0
915465104;0.0
-1061297263;0.0010497600000000003
-514514030;0.0
-1055609749;0.0
210678680;0.0
478067612;0.0
122020767;0.0
1273897889;3.570467226624003e-08
-322489194;3.207454393647306e-72
-2071442524;0.0
671921923;0.0
-1403833432;5.265567862780674e-32
-431156311;6.122200320000003e-06
-593122390;0.18000000000000002
1968858012;0.032400000000000005
-1998292052;0.0
358613832;0.0
-810118222;0.0010497600000000003
-2043538509;0.0010497600000000003
10271668;2.52873108932797e-22
-1873482827;1.9835929036800014e-07
-724158076;2.3967369283643495e-54
-1356676169;3.570467226624003e-08
531305400;0.0
902022644;4.5140457277528507e-07
1083663290;0.0
615420859;0.0
7166909;2.4088659210943163e-19
1455406019;0.0
-524024889;4.31412647105583e-55
101427928;0.0
1557926857;0.0
877050826;1.4747559712960721e-24
65975243;2.0822964865671191e-10
1328013474;0.0
-735659057;6.426841007923206e-09
954616787;1.1019960576000006e-06
-1283040300;0.0
-460549162;0.0
-1428266025;6.122200320000003e-06
-1496683559;0.0
-847402022;3.914829314772157e-49
1801227087;3.401222400000001e-05
788022237;1.4048506051822056e-21
-1565764641;4.3359586579697696e-20
-1082717215;0.0
937274339;2.1859115597387005e-13
-1604234267;0.00018895680000000005
1705501670;2.294682518951299e-16
1072266216;2.0822964865671191e-10
-1174643735;0.0
-248069142;0.18000000000000002
1643742187;1.1019960576000006e-06
-89095188;2.1859115597387005e-13
961815533;0.0
-1801266691;7.43477136140221e-18
1205038065;2.4088659210943163e-19
-1173208078;0.0
-200729613;8.557470653564394e-62
-970984460;0.0
-1233383938;2.0822964865671191e-10
1893854201;1.6251752662903314e-30
-820820997;7.0823534535533906e-15
73804796;0.0
125905918;0.0010497600000000003
-447198209;0.0
-1939952640;0.18000000000000002
838155265;1.7006112000000006e-05
-673135614;0.0
49634309;0.0
-1575498744;0.032400000000000005
-1061034999;1.7852336133120014e-08
-1836819312;3.748133675820815e-11
1661223947;1.1019960576000006e-06
1731341325;0.0
-706120687;0.0
278350867;0.032400000000000005
-938709996;0.0
1892998167;0.0
461255704;1.268404697986179e-50
-192691708;0.0
-1921635302;0.0
578984992;0.0
-1522946590;0.0
-603091932;0.0
1953285158;0.0
-1476220626;1.1568313814261772e-09
742514183;2.294682518951299e-16
-1737065427;4.088938626353338e-87
-455343058;1.2748236216396103e-15
-897625041;0.0
2136138795;0.0
1031480005;6.426841007923206e-09
-1409025869;0.0
-418413180;0.0
613047354;1.1019960576000006e-06
-1091080353;0.0
374045760;0.0
31140752;2.294682518951299e-16
-1980568053;6.426841007923206e-09
1317805124;0.0
-732240827;1.9835929036800014e-07
896470086;0.0
1945709409;0.0
1029698632;1.9835929036800014e-07
-349211575;0.0
-833384265;0.0
1636037709;0.0
1452641359;0.0
850746448;2.4088659210943163e-19
-300922317;7.0823534535533906e-15
-467235756;3.0611001600000016e-06
-1020330923;0.18000000000000002
-2097560490;0.0
-1565260710;4.0256434941955387e-10
2029816924;0.0
282526815;0.00018895680000000005
-1525146528;0.0
1509674081;0.0
138919010;0.0
-2030529435;0.00018895680000000005
-192938903;3.570467226624003e-08
-1657920406;0.0
1660835687;0.0
-58086286;0.0
-468765331;0.0
314467860;1.1568313814261772e-09
-674380405;0.0
272098429;0.0
-558062466;0.0
-1934259073;0.032400000000000005
-198421374;0.032400000000000005
-328337163;6.122200320000003e-06
1659264134;2.294682518951299e-16
772689031;7.43477136140221e-18
1343585132;0.0
-519039862;0.0
744080524;0.0
-1985592179;2.0613799428135964e-80
759285268;0.0
420115599;6.746640616477469e-12
-1606327152;0.00018895680000000005
-284707304;6.122200320000003e-06
-502991723;0.0
1897858198;6.746640616477469e-12
1293485207;1.2143953109659446e-12
690418662;4.1304285341123386e-17
-202648416;0.0
-353221776;0.0
1873341603;0.0
806759589;0.0
257510472;0.0
1591741615;0.00018895680000000005
987630769;0.0
1650168691;1.9835929036800014e-07
-914432843;7.726327582321226e-91
1956459702;3.401222400000001e-05
-1044619063;0.18000000000000002
1426101385;0.0
-82332748;0.00018895680000000005
-1725434688;0.0
1711291585;2.0822964865671191e-10
-1205863230;0.0
-1843700538;5.239054957364257e-67
1341846727;0.0
-1107401527;0.005832000000000001
1402924238;6.122200320000003e-06
1817263903;0.0
1521448148;9.430298923255664e-68
989152470;0.0
-851518248;0.0
1456403675;0.0
-303631138;0.0
1878359264;6.746640616477469e-12
2132180193;0.0
1319218615;0.0
-462916378;3.748133675820815e-11
-2138905368;2.1639542087680017e-83
-1345125508;0.032400000000000005
127755815;0.032400000000000005
-900795156;0.0
-1427213073;0.0
-1510241139;0.09000000000000001
67689713;2.294682518951299e-16
-482245557;8.193088729422623e-24
-442431277;0.0
1184390388;0.0
-1010234123;0.0
1519491551;0.0
-78758661;0.0
-734511876;1.2748236216396103e-15
-837112278;2.9253154793225965e-31
135237845;2.0822964865671191e-10
1165139202;3.401222400000001e-05
-1962449661;0.0
-1087650556;0.0
-1692564210;0.0
1751725328;0.032400000000000005
-689388270;6.746640616477469e-12
133542787;0.0
1867461909;7.0823534535533906e-15
809169113;0.0
47991684;0.0
1993481499;8.600776824598695e-27
-653667044;6.426841007923206e-09
-96695010;0.0
993366468;0.0
-1596836574;0.0
1000414500;0.18000000000000002
-1960344282;0.0
-1498911183;0.0
433251626;0.0
1936497963;0.0
-1415434964;8.193088729422623e-24
-1605205454;0.0
1824837171;3.934640807529661e-14
2012181812;0.0
-526746315;0.0
-1776851657;2.1023166754183044e-95
-2056565448;1.6251752662903314e-30
223014211;3.934640807529661e-14
-242864827;0.0
1879299402;0.0
-887218869;0.0
-753553182;8.151835327660028e-59
-1243785905;0.0010497600000000003
1258302804;6.426841007923206e-09
590626134;0.00018895680000000005
574307671;0.0
1649034584;3.401222400000001e-05
-527040262;3.748133675820815e-11
1158398863;0.0
-568527524;4.7782093469992743e-26
1073612125;7.046692766589884e-50
712564064;3.570467226624003e-08
1589896545;1.1568313814261772e-09
92132707;0.00018895680000000005
1557505382;7.0823534535533906e-15
-338692078;0.0
-1808216725;9.899550597676868e-71
685952365;0.0
-850662851;2.1859115597387005e-13
-1259618955;0.0
5827959;7.0823534535533906e-15
1658279290;1.3382588450523978e-18
-955075009;0.0
-1651846155;3.055416851134836e-69
621905278;0.18000000000000002
-515871361;0.0
-1177240192;1.2143953109659446e-12
984982913;1.9835929036800014e-07
-1369051772;0.0
-657129158;1.0392152235417273e-73
-2111334505;0.0
1216136588;3.934640807529661e-14
2039037325;0.0010497600000000003
-57731696;2.294682518951299e-16
-562432618;0.0010497600000000003
1948771735;3.401222400000001e-05
1995785625;1.790936736360976e-36
2077652379;0.0
1482013489;2.294682518951299e-16
75605406;0.0
-459447739;2.1859115597387005e-13
-41560671;1.1568313814261772e-09
1439341986;3.401222400000001e-05
953961891;1.2748236216396103e-15
1524526502;2.3967369283643495e-54
227136937;0.0
651654570;3.570467226624003e-08
1226649003;0.0
-1122212435;2.1859115597387005e-13
429694382;0.0
736376047;0.0
1081353648;0.0
-289120845;3.570467226624003e-08
-880839244;4.551715960790346e-23
-1718053451;0.0
-1255555658;0.0
-924535369;0.0
-536676936;0.0
1241660660;0.0
485787067;0.0
-1703049793;0.0
650345920;7.052774768640004e-07
1949760962;0.0
-831732490;7.397336198655398e-53
1869495750;0.0
-1793956409;0.0
-218860088;0.0
-941390391;0.005832000000000001
1017384395;1.2748236216396103e-15
-189739570;0.00018895680000000005
-1776339501;2.5159985579197607e-57
-1570261548;0.0
1662905815;0.0010497600000000003
-1700717096;7.765427647900494e-56
-1197330524;0.00018895680000000005
619267546;1.9835929036800014e-07
2043864539;0.0
-346274359;1.0964473460448928e-41
-1020485382;0.0
-1688007200;0.0
-314051102;1.2143953109659446e-12
394072315;7.43477136140221e-18
-692150812;0.0
1429634533;7.0823534535533906e-15
522358247;0.005832000000000001
1458583016;2.0822964865671191e-10
1558493117;4.1304285341123386e-17
1480578539;0.0
1170255340;2.1859115597387005e-13
1053357550;0.0
-1313270799;0.0
-1936339471;0.0005248800000000001
1477142003;0.0
-1755912716;6.746640616477469e-12
-1859486217;6.746640616477469e-12
-116888069;0.0
509224444;8.110789642817533e-94
1825957374;0.0
-1968517631;6.426841007923206e-09
-1224930389;0.0
-1142305276;0.0
-1888535035;6.746640616477469e-12
-1798066681;0.0
1636363784;0.0
-760619511;0.0
1798190602;0.0
-1929875957;3.748133675820815e-11
73212162;0.0
-360329712;0.0
199177745;3.367057324275197e-75
1403614738;1.1584333201972701e-06
1448240660;0.032400000000000005
1328703406;0.0
674428505;1.4048506051822056e-21
371705368;0.0
560807449;0.0
1882836570;5.141472806338565e-09
1305636383;3.570467226624003e-08
1018132000;3.570467226624003e-08
-722477534;1.9835929036800014e-07
-1355391452;0.016200000000000003
-1717836250;0.0
-1473278425;0.0
-581519832;0.0
-1858808279;0.0
2076298794;0.0
789174535;0.0
640992812;0.0
-338358739;4.990716885158755e-64
913018415;0.0
-1839466960;0.0
-651915727;0.0
-230574541;1.5403447176415908e-62
1648649780;0.0
1373888054;0.0010497600000000003
-653859271;0.0
1812955624;0.0
1456498235;1.2143953109659446e-12
-784521668;0.0
-1792850369;3.934640807529661e-14
943459904;6.426841007923206e-09
448185921;0.0
-678335562;0.0
-201454010;0.0
-162636216;1.1452110793408868e-79
-735756174;1.397776976622089e-56
1034307162;6.122200320000003e-06
-2031606195;2.8842889290993183e-05
492952571;0.0
-1420706222;0.0
354106964;0.0
1631628885;0.0
1353041495;0.0010497600000000003
-589975975;0.0
-868333990;0.0
-1168691621;0.0
833744478;8.193088729422623e-24
807872096;0.0
-992428447;0.0
321658811;0.0
2018264676;0.0
-967715225;0.0
32106088;0.0
-106979732;0.0
1128160884;0.0
-1625042131;0.005832000000000001
1410915951;2.0822964865671191e-10
318873200;0.0
1138974322;6.746640616477469e-12
566105715;0.0
845563508;0.0
-288889227;2.6411946461618495e-60
-1212047754;2.1859115597387005e-13
76582519;0.0
753576219;0.00018895680000000005
-143458695;0.0
1987243643;3.748133675820815e-11
-172620164;3.401222400000001e-05
-2144772482;0.0
823031061;0.0
-854796672;0.0
-1538427262;7.360089527436009e-88
509067883;0.0
-66441595;0.18000000000000002
-1808462202;1.1568313814261772e-09
-20066681;8.98329039328576e-65
-1361693177;0.0
-236892535;0.00018895680000000005
-1875848937;0.0
-1609210228;1.4048506051822056e-21
1154350734;0.0
-290337137;0.0
-2147406190;0.0
1991589524;0.0
-864186731;0.005832000000000001
-998130026;7.0823534535533906e-15
-1083083113;2.2831284563751223e-51
1166743192;1.2143953109659446e-12
-1192268703;0.0
1307805339;0.0010497600000000003
142996403;3.729261273788443e-46
1949530053;2.071811818771357e-45
-1378860432;0.0
19246754;0.0
722646691;0.0
-1062279515;1.2143953109659446e-12
-1754457229;1.4673303589788051e-59
-1725315416;0.0
-37822180;0.0
-813397;0.0
-85053780;0.18000000000000002
-1132990803;0.0
1601943215;3.401222400000001e-05
-245102928;0.0
1909069489;0.0
1541011122;0.0
-1388434455;0.0
-2020811083;0.0
269602761;0.0
-26761544;0.0
740591289;0.0
-570301239;0.0
-1322539333;0.0
-1592906052;0.0
1326572490;0.0
179431029;4.3359586579697696e-20
-129689920;0.0
322518262;0.0
-1292015934;1.3382588450523978e-18
-293845309;0.0
1012412100;0.0
-1772726666;0.0
1519511239;0.0
-1586985271;0.0
-1059000625;3.934640807529661e-14
1623322320;4.292404212400681e-90
-110530862;7.804725584345586e-21
-682711341;1.1568313814261772e-09
-1535768876;2.7866516911699777e-28
1824823589;4.3359586579697696e-20
-346130719;0.0
-601014558;0.0
94922363;0.0
77607088;0.0
-2126347994;0.0
-509787005;1.9835929036800014e-07
-2134419737;6.746640616477469e-12
1662036263;4.551715960790346e-23
1145881743;7.43477136140221e-18
-1068841234;0.0
423667440;0.0
-2059714831;1.1568313814261772e-09
-86585614;0.0
1385391859;1.2143953109659446e-12
-1001529612;2.9105860874245867e-66
1480251126;1.2021967826488897e-82
1556939049;0.032400000000000005
937998278;0.0
-712589575;0.0
2127677178;7.0823534535533906e-15
-2004513029;6.122200320000003e-06
845606869;0.0
2044808960;0.0
-575765888;0.0
-77938475;6.122200320000003e-06
469151491;1.2143953109659446e-12
-629072124;8.151835327660028e-59
-615055607;0.0
1310320395;2.5159985579197607e-57
1460705037;0.0
1907288185;0.0
-919980271;1.1019960576000006e-06
1014869778;0.0
-1782404477;0.0
1557631278;7.0823534535533906e-15
1290819352;0.0
-1692798775;0.0
-1011474661;0.0
331069212;2.4088659210943163e-19
2024984349;0.0
-16908667;0.0
-1210845408;0.0
1336282913;0.0
-1059629278;4.7541503630913294e-61
1210639323;0.0
877217572;4.1304285341123386e-17
-1997052123;3.570467226624003e-08
120758054;0.032400000000000005
1627060008;7.804725584345586e-21
50724650;0.0
1049243438;7.0823534535533906e-15
1022940301;0.0
827256627;4.1304285341123386e-17
-41416905;0.0
1474532660;0.0
1834969738;0.0
540270399;0.18000000000000002
-1498624192;1.6974538061860197e-68
-35254463;3.934640807529661e-14
988157762;0.0
663619395;0.0
96677700;0.0
307641458;6.426841007923206e-09
688719686;2.3540564833995944e-97
-966627512;0.0
-802240694;2.294682518951299e-16
1085835083;1.3382588450523978e-18
-589670580;0.0
-605472946;0.0
308174671;0.0
-632778928;0.0
2023076152;0.0
897533923;0.0
1468473172;0.0
743083864;0.032400000000000005
68165686;0.0
-1433307299;0.0
268476254;0.0
1314874341;0.0
1126733665;0.0
-856475806;0.0
-1071728797;0.0
777004900;0.0
-1677744283;9.899550597676868e-71
1790639974;0.0
-23646361;1.4048506051822056e-21
390121322;3.748133675820815e-11
782251883;0.0
27359085;0.0
400109422;0.0
-1162791057;0.0
-489988240;5.239054957364257e-67
1481545587;0.0
2007281982;2.0822964865671191e-10
853540726;0.032400000000000005
672568297;0.0
450287481;0.005832000000000001
-457181732;0.0
1866183658;0.0
2142988161;0.0
1693872004;0.0
-355065596;0.0
-1135427705;0.0
-534263927;0.0
-651735158;1.8509302102868785e-09
1447927447;0.0
-924394695;0.0
455708558;0.0
-56393747;8.193088729422623e-24
1418194833;0.0
-356739181;0.032400000000000005
463228823;0.0
-818092131;0.0
-67623008;0.0
-44235109;0.0
-1252569180;0.0
-421042267;1.1568313814261772e-09
463509529;0.0
72652785;0.0
669289227;0.0
-1974755413;0.0
-300290131;0.0
1348538799;0.0
-905477475;1.9835929036800014e-07
-1357377615;0.00018895680000000005
-882804813;0.0
-2016536139;0.0
535916472;4.1304285341123386e-17
564490685;0.0
431749050;0.0
-861083717;0.0
2014703549;1.2748236216396103e-15
859439038;0.0
-1008080907;1.4747559712960721e-24
1102041024;0.0
-1732292671;4.50599424600974e-93
-1748947006;0.00018895680000000005
550571973;0.0
-821116986;3.748133675820815e-11
1794551430;0.0
120928201;3.748133675820815e-11
-661178422;7.43477136140221e-18
-222087221;7.43477136140221e-18
464332750;0.0
805530288;0.0
860102610;0.0
-2021820459;0.0
430650361;0.0
1849406210;4.3359586579697696e-20
1550247900;0.0
329431005;0.0010497600000000003
2044968929;1.4747559712960721e-24
1955385314;0.032400000000000005
-1278793757;0.0
1560039398;0.0010497600000000003
-1560377368;6.426841007923206e-09
-461881058;0.0
1680685036;0.0
1164710226;1.9835929036800014e-07
-336689167;0.0
107644916;6.060703183695355e-76
1102827509;7.43477136140221e-18
-1133019146;6.426841007923206e-09
1046982647;0.005832000000000001
1824081915;0.0
458567676;0.0
